0.040000 0.040000 2.215422e-01 6.529434e-02 2.896000e+03 
 0.040000 0.120000 1.818390e-01 2.180094e-02 2.377000e+03 
 0.040000 0.200000 2.708078e-01 1.741440e-02 3.540000e+03 
 0.040000 0.280000 1.060282e-01 4.868607e-03 1.386000e+03 
 0.040000 0.360000 2.906977e-02 1.458022e-03 3.800000e+02 
 0.040000 0.440000 2.187882e-02 1.037100e-03 2.860000e+02 
 0.040000 0.520000 5.676255e-02 2.794117e-03 7.420000e+02 
 0.040000 0.600000 9.868421e-03 4.323911e-04 1.290000e+02 
 0.040000 0.680000 6.119951e-04 2.690251e-05 8.000000e+00 
 0.040000 0.760000 9.179927e-03 3.319658e-04 1.200000e+02 
 0.040000 0.840000 9.944920e-04 3.740318e-05 1.300000e+01 
 0.040000 0.920000 3.059976e-04 1.240637e-05 4.000000e+00 
 0.040000 1.000000 3.059976e-04 1.744120e-05 4.000000e+00 
 0.040000 1.080000 1.223990e-03 9.990821e-05 1.600000e+01 
 0.040000 1.160000 1.529988e-04 1.829040e-05 2.000000e+00 
 0.040000 1.240000 1.529988e-04 2.122624e-05 2.000000e+00 
 0.040000 1.320000 0.000000e+00 0.000000e+00 0.000000e+00 
 0.040000 1.400000 3.059976e-04 6.108176e-05 4.000000e+00 
 0.040000 1.480000 2.830477e-03 6.005811e-04 3.700000e+01 
 0.040000 1.560000 4.398715e-02 1.274182e-02 5.750000e+02 
 0.040000 1.640000 2.294982e-03 9.946950e-04 3.000000e+01 
 0.040000 1.720000 3.748470e-03 2.754511e-03 4.900000e+01 
 0.040000 1.800000 5.278458e-03 9.339469e-03 6.900000e+01 
 0.040000 1.880000 1.491738e-02 1.700680e-02 1.950000e+02 
 0.040000 1.960000 1.591187e-02 2.850487e-02 2.080000e+02 
 
0.120000 0.040000 1.382908e-01 2.124546e-01 9.423000e+03 
 0.120000 0.120000 2.468337e-01 1.542575e-01 1.681900e+04 
 0.120000 0.200000 1.695652e-01 5.683786e-02 1.155400e+04 
 0.120000 0.280000 1.177006e-01 2.817188e-02 8.020000e+03 
 0.120000 0.360000 1.177006e-02 3.077195e-03 8.020000e+02 
 0.120000 0.440000 5.440350e-02 1.344241e-02 3.707000e+03 
 0.120000 0.520000 9.455671e-02 2.426212e-02 6.443000e+03 
 0.120000 0.600000 6.294486e-02 1.437617e-02 4.289000e+03 
 0.120000 0.680000 2.201382e-02 5.044221e-03 1.500000e+03 
 0.120000 0.760000 6.765582e-03 1.275302e-03 4.610000e+02 
 0.120000 0.840000 2.142679e-03 4.200665e-04 1.460000e+02 
 0.120000 0.920000 6.457389e-04 1.364701e-04 4.400000e+01 
 0.120000 1.000000 7.044424e-04 2.092944e-04 4.800000e+01 
 0.120000 1.080000 2.656335e-03 1.130212e-03 1.810000e+02 
 0.120000 1.160000 4.256006e-04 2.652108e-04 2.900000e+01 
 0.120000 1.240000 4.109247e-04 2.971674e-04 2.800000e+01 
 0.120000 1.320000 1.467588e-05 1.441670e-05 1.000000e+00 
 0.120000 1.400000 3.375453e-04 3.512201e-04 2.300000e+01 
 0.120000 1.480000 2.582955e-03 2.856818e-03 1.760000e+02 
 0.120000 1.560000 5.013282e-02 7.569748e-02 3.416000e+03 
 0.120000 1.640000 2.318790e-03 5.238727e-03 1.580000e+02 
 0.120000 1.720000 1.394209e-03 5.340379e-03 9.500000e+01 
 0.120000 1.800000 1.629023e-03 1.502436e-02 1.110000e+02 
 0.120000 1.880000 2.993880e-03 1.779173e-02 2.040000e+02 
 0.120000 1.960000 6.765582e-03 6.317665e-02 4.610000e+02 
 
0.200000 0.040000 5.279987e-02 1.641828e-01 7.282000e+03 
 0.200000 0.120000 1.589724e-01 2.010878e-01 2.192500e+04 
 0.200000 0.200000 2.153324e-01 1.460941e-01 2.969800e+04 
 0.200000 0.280000 1.598135e-01 7.742350e-02 2.204100e+04 
 0.200000 0.360000 3.884220e-02 2.055428e-02 5.357000e+03 
 0.200000 0.440000 6.640226e-02 3.320895e-02 9.158000e+03 
 0.200000 0.520000 1.169181e-01 6.072120e-02 1.612500e+04 
 0.200000 0.600000 1.124299e-01 5.197408e-02 1.550600e+04 
 0.200000 0.680000 5.458355e-02 2.531526e-02 7.528000e+03 
 0.200000 0.760000 5.786089e-03 2.207573e-03 7.980000e+02 
 0.200000 0.840000 1.131115e-03 4.488382e-04 1.560000e+02 
 0.200000 0.920000 4.640472e-04 1.985019e-04 6.400000e+01 
 0.200000 1.000000 5.003009e-04 3.008607e-04 6.900000e+01 
 0.200000 1.080000 1.885192e-03 1.623508e-03 2.600000e+02 
 0.200000 1.160000 1.740177e-04 2.194848e-04 2.400000e+01 
 0.200000 1.240000 1.450148e-04 2.122624e-04 2.000000e+01 
 0.200000 1.320000 1.450148e-05 2.883340e-05 2.000000e+00 
 0.200000 1.400000 1.885192e-04 3.970314e-04 2.600000e+01 
 0.200000 1.480000 1.029605e-03 2.304933e-03 1.420000e+02 
 0.200000 1.560000 7.874301e-03 2.406542e-02 1.086000e+03 
 0.200000 1.640000 6.960708e-04 3.183024e-03 9.600000e+01 
 0.200000 1.720000 5.293039e-04 4.103660e-03 7.300000e+01 
 0.200000 1.800000 5.365546e-04 1.001624e-02 7.400000e+01 
 0.200000 1.880000 1.239876e-03 1.491366e-02 1.710000e+02 
 0.200000 1.960000 1.711174e-03 3.234206e-02 2.360000e+02 
 
0.280000 0.040000 2.605746e-02 1.176020e-01 5.216000e+03 
 0.280000 0.120000 7.428574e-02 1.363820e-01 1.487000e+04 
 0.280000 0.200000 1.963801e-01 1.933786e-01 3.931000e+04 
 0.280000 0.280000 2.305606e-01 1.621183e-01 4.615200e+04 
 0.280000 0.360000 1.158898e-01 8.900843e-02 2.319800e+04 
 0.280000 0.440000 1.182227e-01 8.581458e-02 2.366500e+04 
 0.280000 0.520000 1.195216e-01 9.009331e-02 2.392500e+04 
 0.280000 0.600000 7.843216e-02 5.262435e-02 1.570000e+04 
 0.280000 0.680000 2.154636e-02 1.450382e-02 4.313000e+03 
 0.280000 0.760000 6.754158e-03 3.740148e-03 1.352000e+03 
 0.280000 0.840000 1.129023e-03 6.502400e-04 2.260000e+02 
 0.280000 0.920000 6.394469e-04 3.970039e-04 1.280000e+02 
 0.280000 1.000000 6.694210e-04 5.842802e-04 1.340000e+02 
 0.280000 1.080000 7.993086e-04 9.990821e-04 1.600000e+02 
 0.280000 1.160000 4.995679e-04 9.145198e-04 1.000000e+02 
 0.280000 1.240000 6.494382e-05 1.379706e-04 1.300000e+01 
 0.280000 1.320000 2.897494e-04 8.361686e-04 5.800000e+01 
 0.280000 1.400000 3.646845e-04 1.114742e-03 7.300000e+01 
 0.280000 1.480000 5.994814e-04 1.947831e-03 1.200000e+02 
 0.280000 1.560000 1.623596e-03 7.201897e-03 3.250000e+02 
 0.280000 1.640000 5.595160e-04 3.713528e-03 1.120000e+02 
 0.280000 1.720000 5.295419e-04 5.958739e-03 1.060000e+02 
 0.280000 1.800000 5.645117e-04 1.529507e-02 1.130000e+02 
 0.280000 1.880000 2.622731e-03 4.578755e-02 5.250000e+02 
 0.280000 1.960000 1.393794e-03 3.823489e-02 2.790000e+02 
 
0.360000 0.040000 1.977355e-02 1.094627e-01 4.855000e+03 
 0.360000 0.120000 3.181281e-02 7.163952e-02 7.811000e+03 
 0.360000 0.200000 1.306684e-01 1.578266e-01 3.208300e+04 
 0.360000 0.280000 2.818026e-01 2.430475e-01 6.919100e+04 
 0.360000 0.360000 2.688551e-01 2.532815e-01 6.601200e+04 
 0.360000 0.440000 1.589134e-01 1.414880e-01 3.901800e+04 
 0.360000 0.520000 6.249745e-02 5.778399e-02 1.534500e+04 
 0.360000 0.600000 1.922779e-02 1.582417e-02 4.721000e+03 
 0.360000 0.680000 4.036167e-03 3.332549e-03 9.910000e+02 
 0.360000 0.760000 7.868692e-03 5.344650e-03 1.932000e+03 
 0.360000 0.840000 1.396978e-03 9.868686e-04 3.430000e+02 
 0.360000 0.920000 5.661223e-04 4.311214e-04 1.390000e+02 
 0.360000 1.000000 7.697634e-04 8.240968e-04 1.890000e+02 
 0.360000 1.080000 6.394331e-04 9.803493e-04 1.570000e+02 
 0.360000 1.160000 1.234065e-03 2.770995e-03 3.030000e+02 
 0.360000 1.240000 6.923797e-05 1.804230e-04 1.700000e+01 
 0.360000 1.320000 7.575449e-04 2.681506e-03 1.860000e+02 
 0.360000 1.400000 4.765202e-04 1.786641e-03 1.170000e+02 
 0.360000 1.480000 3.950637e-04 1.574496e-03 9.700000e+01 
 0.360000 1.560000 4.561561e-04 2.481884e-03 1.120000e+02 
 0.360000 1.640000 8.593655e-04 6.996021e-03 2.110000e+02 
 0.360000 1.720000 5.498310e-04 7.588959e-03 1.350000e+02 
 0.360000 1.800000 7.575449e-04 2.517596e-02 1.860000e+02 
 0.360000 1.880000 4.300900e-03 9.209838e-02 1.056000e+03 
 0.360000 1.960000 1.315522e-03 4.426477e-02 3.230000e+02 
 
0.440000 0.040000 9.641693e-03 6.475323e-02 2.872000e+03 
 0.440000 0.120000 2.726330e-02 7.448272e-02 8.121000e+03 
 0.440000 0.200000 9.863935e-02 1.445396e-01 2.938200e+04 
 0.440000 0.280000 2.044361e-01 2.139096e-01 6.089600e+04 
 0.440000 0.360000 3.166517e-01 3.619042e-01 9.432200e+04 
 0.440000 0.440000 2.478137e-01 2.676769e-01 7.381700e+04 
 0.440000 0.520000 5.490595e-02 6.158730e-02 1.635500e+04 
 0.440000 0.600000 2.268416e-02 2.264858e-02 6.757000e+03 
 0.440000 0.680000 7.765054e-03 7.778189e-03 2.313000e+03 
 0.440000 0.760000 4.555633e-03 3.753980e-03 1.357000e+03 
 0.440000 0.840000 1.460354e-03 1.251568e-03 4.350000e+02 
 0.440000 0.920000 5.237131e-04 4.838485e-04 1.560000e+02 
 0.440000 1.000000 6.882128e-04 8.938616e-04 2.050000e+02 
 0.440000 1.080000 2.383566e-04 4.433427e-04 7.100000e+01 
 0.440000 1.160000 1.477140e-04 4.023887e-04 4.400000e+01 
 0.440000 1.240000 4.699990e-05 1.485837e-04 1.400000e+01 
 0.440000 1.320000 6.378557e-05 2.739173e-04 1.900000e+01 
 0.440000 1.400000 1.174997e-04 5.344654e-04 3.500000e+01 
 0.440000 1.480000 1.544282e-04 7.466684e-04 4.600000e+01 
 0.440000 1.560000 2.282852e-04 1.506858e-03 6.800000e+01 
 0.440000 1.640000 2.282852e-04 2.254642e-03 6.800000e+01 
 0.440000 1.720000 2.484280e-04 4.159874e-03 7.400000e+01 
 0.440000 1.800000 1.913567e-04 7.715214e-03 5.700000e+01 
 0.440000 1.880000 8.997123e-04 2.337345e-02 2.680000e+02 
 0.440000 1.960000 4.062134e-04 1.658216e-02 1.210000e+02 
 
0.520000 0.040000 8.180077e-03 6.412193e-02 2.844000e+03 
 0.520000 0.120000 4.785805e-02 1.526066e-01 1.663900e+04 
 0.520000 0.200000 8.860887e-02 1.515496e-01 3.080700e+04 
 0.520000 0.280000 1.021963e-01 1.248099e-01 3.553100e+04 
 0.520000 0.360000 1.510007e-01 2.014335e-01 5.249900e+04 
 0.520000 0.440000 2.596800e-01 3.273900e-01 9.028400e+04 
 0.520000 0.520000 1.810432e-01 2.370254e-01 6.294400e+04 
 0.520000 0.600000 8.794733e-02 1.024901e-01 3.057700e+04 
 0.520000 0.680000 4.192433e-02 4.901638e-02 1.457600e+04 
 0.520000 0.760000 2.011655e-02 1.934807e-02 6.994000e+03 
 0.520000 0.840000 6.169573e-03 6.171525e-03 2.145000e+03 
 0.520000 0.920000 1.826424e-03 1.969511e-03 6.350000e+02 
 0.520000 1.000000 1.251172e-03 1.896731e-03 4.350000e+02 
 0.520000 1.080000 4.026761e-04 8.741968e-04 1.400000e+02 
 0.520000 1.160000 6.327767e-05 2.011944e-04 2.200000e+01 
 0.520000 1.240000 3.451509e-05 1.273574e-04 1.200000e+01 
 0.520000 1.320000 1.438129e-05 7.208350e-05 5.000000e+00 
 0.520000 1.400000 6.615393e-05 3.512201e-04 2.300000e+01 
 0.520000 1.480000 1.553179e-04 8.765238e-04 5.400000e+01 
 0.520000 1.560000 2.703682e-04 2.083010e-03 9.400000e+01 
 0.520000 1.640000 1.438129e-04 1.657825e-03 5.000000e+01 
 0.520000 1.720000 1.783280e-04 3.485300e-03 6.200000e+01 
 0.520000 1.800000 8.628773e-05 4.060639e-03 3.000000e+01 
 0.520000 1.880000 4.199336e-04 1.273330e-02 1.460000e+02 
 0.520000 1.960000 3.624085e-04 1.726737e-02 1.260000e+02 
 
0.600000 0.040000 5.016517e-03 3.875724e-02 1.719000e+03 
 0.600000 0.120000 2.818180e-02 8.857033e-02 9.657000e+03 
 0.600000 0.200000 4.653776e-02 7.844845e-02 1.594700e+04 
 0.600000 0.280000 5.939860e-02 7.149757e-02 2.035400e+04 
 0.600000 0.360000 3.618371e-02 4.757374e-02 1.239900e+04 
 0.600000 0.440000 7.731390e-02 9.606954e-02 2.649300e+04 
 0.600000 0.520000 2.243863e-01 2.895413e-01 7.689000e+04 
 0.600000 0.600000 2.375331e-01 2.728254e-01 8.139500e+04 
 0.600000 0.680000 1.514352e-01 1.745031e-01 5.189200e+04 
 0.600000 0.760000 9.419905e-02 8.929604e-02 3.227900e+04 
 0.600000 0.840000 3.043471e-02 3.000598e-02 1.042900e+04 
 0.600000 0.920000 6.090443e-03 6.473024e-03 2.087000e+03 
 0.600000 1.000000 1.710110e-03 2.555136e-03 5.860000e+02 
 0.600000 1.080000 4.698425e-04 1.005326e-03 1.610000e+02 
 0.600000 1.160000 4.085587e-05 1.280328e-04 1.400000e+01 
 0.600000 1.240000 5.836553e-06 2.122624e-05 2.000000e+00 
 0.600000 1.320000 0.000000e+00 0.000000e+00 0.000000e+00 
 0.600000 1.400000 1.167311e-05 6.108176e-05 4.000000e+00 
 0.600000 1.480000 1.809331e-04 1.006379e-03 6.200000e+01 
 0.600000 1.560000 3.998039e-04 3.035877e-03 1.370000e+02 
 0.600000 1.640000 9.046657e-05 1.027851e-03 3.100000e+01 
 0.600000 1.720000 1.400773e-04 2.698297e-03 4.800000e+01 
 0.600000 1.800000 2.918277e-05 1.353546e-03 1.000000e+01 
 0.600000 1.880000 7.587519e-05 2.267574e-03 2.600000e+01 
 0.600000 1.960000 1.342407e-04 6.303961e-03 4.600000e+01 
 
0.680000 0.040000 2.467582e-03 2.033684e-02 9.020000e+02 
 0.680000 0.120000 1.175521e-02 3.941045e-02 4.297000e+03 
 0.680000 0.200000 1.751929e-02 3.150335e-02 6.404000e+03 
 0.680000 0.280000 3.662253e-02 4.702456e-02 1.338700e+04 
 0.680000 0.360000 8.228922e-03 1.154140e-02 3.008000e+03 
 0.680000 0.440000 1.498878e-02 1.986808e-02 5.479000e+03 
 0.680000 0.520000 8.615199e-02 1.185880e-01 3.149200e+04 
 0.680000 0.600000 2.326066e-01 2.849994e-01 8.502700e+04 
 0.680000 0.680000 2.915303e-01 3.583616e-01 1.065660e+05 
 0.680000 0.760000 2.030941e-01 2.053734e-01 7.423900e+04 
 0.680000 0.840000 7.494392e-02 7.882002e-02 2.739500e+04 
 0.680000 0.920000 1.418449e-02 1.608176e-02 5.185000e+03 
 0.680000 1.000000 2.886141e-03 4.600117e-03 1.055000e+03 
 0.680000 1.080000 1.148985e-03 2.622590e-03 4.200000e+02 
 0.680000 1.160000 9.848443e-05 3.292271e-04 3.600000e+01 
 0.680000 1.240000 9.027740e-05 3.502330e-04 3.300000e+01 
 0.680000 1.320000 8.207036e-06 4.325010e-05 3.000000e+00 
 0.680000 1.400000 7.659900e-05 4.275723e-04 2.800000e+01 
 0.680000 1.480000 3.693166e-04 2.191309e-03 1.350000e+02 
 0.680000 1.560000 6.456202e-04 5.229685e-03 2.360000e+02 
 0.680000 1.640000 1.176342e-04 1.425729e-03 4.300000e+01 
 0.680000 1.720000 1.969689e-04 4.047445e-03 7.200000e+01 
 0.680000 1.800000 5.197790e-05 2.571738e-03 1.900000e+01 
 0.680000 1.880000 9.848443e-05 3.139717e-03 3.600000e+01 
 0.680000 1.960000 1.176342e-04 5.892833e-03 4.300000e+01 
 
0.760000 0.040000 1.745819e-03 1.355038e-02 6.010000e+02 
 0.760000 0.120000 7.352194e-03 2.321337e-02 2.531000e+03 
 0.760000 0.200000 6.503975e-03 1.101436e-02 2.239000e+03 
 0.760000 0.280000 1.404208e-02 1.698041e-02 4.834000e+03 
 0.760000 0.360000 2.928096e-03 3.867596e-03 1.008000e+03 
 0.760000 0.440000 4.026132e-03 5.025946e-03 1.386000e+03 
 0.760000 0.520000 2.616986e-02 3.392479e-02 9.009000e+03 
 0.760000 0.600000 1.033839e-01 1.192930e-01 3.559000e+04 
 0.760000 0.680000 2.393602e-01 2.770959e-01 8.240000e+04 
 0.760000 0.760000 3.551391e-01 3.382095e-01 1.222570e+05 
 0.760000 0.840000 1.711716e-01 1.695400e-01 5.892600e+04 
 0.760000 0.920000 5.100058e-02 5.445466e-02 1.755700e+04 
 0.760000 1.000000 9.803893e-03 1.471601e-02 3.375000e+03 
 0.760000 1.080000 3.154675e-03 6.781270e-03 1.086000e+03 
 0.760000 1.160000 5.490180e-04 1.728442e-03 1.890000e+02 
 0.760000 1.240000 3.689169e-04 1.347866e-03 1.270000e+02 
 0.760000 1.320000 6.971657e-05 3.460008e-04 2.400000e+01 
 0.760000 1.400000 2.585323e-04 1.359069e-03 8.900000e+01 
 0.760000 1.480000 1.176467e-03 6.573928e-03 4.050000e+02 
 0.760000 1.560000 6.884512e-04 5.251845e-03 2.370000e+02 
 0.760000 1.640000 2.352934e-04 2.685676e-03 8.100000e+01 
 0.760000 1.720000 2.904857e-04 5.621451e-03 1.000000e+02 
 0.760000 1.800000 7.262143e-05 3.383866e-03 2.500000e+01 
 0.760000 1.880000 1.830060e-04 5.494505e-03 6.300000e+01 
 0.760000 1.960000 3.253440e-04 1.534877e-02 1.120000e+02 
 
0.840000 0.040000 1.515615e-03 1.039389e-02 4.610000e+02 
 0.840000 0.120000 3.879448e-03 1.082251e-02 1.180000e+03 
 0.840000 0.200000 2.429586e-03 3.635380e-03 7.390000e+02 
 0.840000 0.280000 4.632324e-03 4.949400e-03 1.409000e+03 
 0.840000 0.360000 1.370957e-03 1.599988e-03 4.170000e+02 
 0.840000 0.440000 2.432874e-03 2.683405e-03 7.400000e+02 
 0.840000 0.520000 1.025424e-02 1.174508e-02 3.119000e+03 
 0.840000 0.600000 4.143119e-02 4.224026e-02 1.260200e+04 
 0.840000 0.680000 6.339938e-02 6.484851e-02 1.928400e+04 
 0.840000 0.760000 2.936117e-01 2.470573e-01 8.930700e+04 
 0.840000 0.840000 3.438407e-01 3.009086e-01 1.045850e+05 
 0.840000 0.920000 1.594223e-01 1.503993e-01 4.849100e+04 
 0.840000 1.000000 5.098515e-02 6.761954e-02 1.550800e+04 
 0.840000 1.080000 1.222355e-02 2.321617e-02 3.718000e+03 
 0.840000 1.160000 1.933149e-03 5.377377e-03 5.880000e+02 
 0.840000 1.240000 8.876703e-04 2.865542e-03 2.700000e+02 
 0.840000 1.320000 2.071231e-04 9.082521e-04 6.300000e+01 
 0.840000 1.400000 6.443829e-04 2.993006e-03 1.960000e+02 
 0.840000 1.480000 2.935887e-03 1.449511e-02 8.930000e+02 
 0.840000 1.560000 4.931501e-04 3.323952e-03 1.500000e+02 
 0.840000 1.640000 1.906847e-04 1.923077e-03 5.800000e+01 
 0.840000 1.720000 3.616434e-04 6.183597e-03 1.100000e+02 
 0.840000 1.800000 8.547936e-05 3.519220e-03 2.600000e+01 
 0.840000 1.880000 2.202737e-04 5.843363e-03 6.700000e+01 
 0.840000 1.960000 6.115062e-04 2.548993e-02 1.860000e+02 
 
0.920000 0.040000 1.437915e-03 9.492030e-03 4.210000e+02 
 0.920000 0.120000 2.500128e-03 6.713625e-03 7.320000e+02 
 0.920000 0.200000 1.410591e-03 2.031680e-03 4.130000e+02 
 0.920000 0.280000 1.885342e-03 1.939012e-03 5.520000e+02 
 0.920000 0.360000 6.386939e-04 7.175005e-04 1.870000e+02 
 0.920000 0.440000 1.776047e-03 1.885636e-03 5.200000e+02 
 0.920000 0.520000 5.290572e-03 5.833001e-03 1.549000e+03 
 0.920000 0.600000 1.413665e-02 1.387339e-02 4.139000e+03 
 0.920000 0.680000 1.469338e-02 1.446683e-02 4.302000e+03 
 0.920000 0.760000 7.522243e-02 6.092679e-02 2.202400e+04 
 0.920000 0.840000 3.248220e-01 2.736273e-01 9.510300e+04 
 0.920000 0.920000 3.115153e-01 2.828870e-01 9.120700e+04 
 0.920000 1.000000 1.512919e-01 1.931439e-01 4.429600e+04 
 0.920000 1.080000 5.907748e-02 1.080070e-01 1.729700e+04 
 0.920000 1.160000 1.122667e-02 3.006027e-02 3.287000e+03 
 0.920000 1.240000 4.771419e-03 1.482653e-02 1.397000e+03 
 0.920000 1.320000 2.974879e-03 1.255695e-02 8.710000e+02 
 0.920000 1.400000 3.524771e-03 1.575909e-02 1.032000e+03 
 0.920000 1.480000 8.145909e-03 3.871313e-02 2.385000e+03 
 0.920000 1.560000 1.045136e-03 6.780863e-03 3.060000e+02 
 0.920000 1.640000 3.654559e-04 3.547745e-03 1.070000e+02 
 0.920000 1.720000 5.601380e-04 9.219180e-03 1.640000e+02 
 0.920000 1.800000 1.605273e-04 6.361668e-03 4.700000e+01 
 0.920000 1.880000 4.371809e-04 1.116344e-02 1.280000e+02 
 0.920000 1.960000 1.089537e-03 4.371660e-02 3.190000e+02 
 
1.000000 0.040000 1.577550e-03 8.747999e-03 3.880000e+02 
 1.000000 0.120000 1.317336e-03 2.971605e-03 3.240000e+02 
 1.000000 0.200000 1.057121e-03 1.279024e-03 2.600000e+02 
 1.000000 0.280000 1.215689e-03 1.050298e-03 2.990000e+02 
 1.000000 0.360000 5.773508e-04 5.448399e-04 1.420000e+02 
 1.000000 0.440000 1.622274e-03 1.446863e-03 3.990000e+02 
 1.000000 0.520000 2.699725e-03 2.500395e-03 6.640000e+02 
 1.000000 0.600000 4.671662e-03 3.851298e-03 1.149000e+03 
 1.000000 0.680000 2.882688e-03 2.384235e-03 7.090000e+02 
 1.000000 0.760000 1.396620e-02 9.502522e-03 3.435000e+03 
 1.000000 0.840000 1.150880e-01 8.144112e-02 2.830600e+04 
 1.000000 0.920000 3.111189e-01 2.373339e-01 7.652000e+04 
 1.000000 1.000000 2.390354e-01 2.563464e-01 5.879100e+04 
 1.000000 1.080000 1.625730e-01 2.496769e-01 3.998500e+04 
 1.000000 1.160000 5.675114e-02 1.276487e-01 1.395800e+04 
 1.000000 1.240000 2.575716e-02 6.723411e-02 6.335000e+03 
 1.000000 1.320000 7.550284e-03 2.677181e-02 1.857000e+03 
 1.000000 1.400000 1.628780e-02 6.117338e-02 4.006000e+03 
 1.000000 1.480000 1.934125e-02 7.721525e-02 4.757000e+03 
 1.000000 1.560000 4.744848e-03 2.586035e-02 1.167000e+03 
 1.000000 1.640000 2.260613e-03 1.843501e-02 5.560000e+02 
 1.000000 1.720000 2.049189e-03 2.833212e-02 5.040000e+02 
 1.000000 1.800000 9.595407e-04 3.194369e-02 2.360000e+02 
 1.000000 1.880000 2.045123e-03 4.386883e-02 5.030000e+02 
 1.000000 1.960000 2.850161e-03 9.606688e-02 7.010000e+02 
 
1.080000 0.040000 1.104600e-03 5.027845e-03 2.230000e+02 
 1.080000 0.120000 5.250566e-04 9.721917e-04 1.060000e+02 
 1.080000 0.200000 4.458028e-04 4.427391e-04 9.000000e+01 
 1.080000 0.280000 4.903830e-04 3.477577e-04 9.900000e+01 
 1.080000 0.360000 3.368288e-04 2.609093e-04 6.800000e+01 
 1.080000 0.440000 8.767454e-04 6.418415e-04 1.770000e+02 
 1.080000 0.520000 1.114507e-03 8.472725e-04 2.250000e+02 
 1.080000 0.600000 1.124414e-03 7.608743e-04 2.270000e+02 
 1.080000 0.680000 2.972018e-04 2.017688e-04 6.000000e+01 
 1.080000 0.760000 1.941719e-03 1.084422e-03 3.920000e+02 
 1.080000 0.840000 2.746640e-02 1.595390e-02 5.545000e+03 
 1.080000 0.920000 1.536286e-01 9.619590e-02 3.101500e+04 
 1.080000 1.000000 2.107954e-01 1.855569e-01 4.255600e+04 
 1.080000 1.080000 1.868904e-01 2.355960e-01 3.773000e+04 
 1.080000 1.160000 1.439794e-01 2.658235e-01 2.906700e+04 
 1.080000 1.240000 8.577245e-02 1.837768e-01 1.731600e+04 
 1.080000 1.320000 3.345007e-02 9.735598e-02 6.753000e+03 
 1.080000 1.400000 4.631395e-02 1.427786e-01 9.350000e+03 
 1.080000 1.480000 3.827960e-02 1.254403e-01 7.728000e+03 
 1.080000 1.560000 2.540580e-02 1.136570e-01 5.129000e+03 
 1.080000 1.640000 1.689592e-02 1.130968e-01 3.411000e+03 
 1.080000 1.720000 1.006524e-02 1.142279e-01 2.032000e+03 
 1.080000 1.800000 4.329240e-03 1.182999e-01 8.740000e+02 
 1.080000 1.880000 5.121778e-03 9.017966e-02 1.034000e+03 
 1.080000 1.960000 3.348474e-03 9.264081e-02 6.760000e+02 
 
1.160000 0.040000 4.547226e-04 1.578247e-03 7.000000e+01 
 1.160000 0.120000 9.744056e-05 1.375743e-04 1.500000e+01 
 1.160000 0.200000 1.039366e-04 7.870917e-05 1.600000e+01 
 1.160000 0.280000 1.169287e-04 6.322867e-05 1.800000e+01 
 1.160000 0.360000 1.948811e-04 1.151070e-04 3.000000e+01 
 1.160000 0.440000 3.897622e-04 2.175734e-04 6.000000e+01 
 1.160000 0.520000 3.248019e-04 1.882828e-04 5.000000e+01 
 1.160000 0.600000 2.793296e-04 1.441304e-04 4.300000e+01 
 1.160000 0.680000 3.248019e-05 1.681407e-05 5.000000e+00 
 1.160000 0.760000 4.547226e-04 1.936467e-04 7.000000e+01 
 1.160000 0.840000 5.807457e-03 2.572188e-03 8.940000e+02 
 1.160000 0.920000 7.638690e-02 3.647163e-02 1.175900e+04 
 1.160000 1.000000 1.337924e-01 8.980475e-02 2.059600e+04 
 1.160000 1.080000 1.171820e-01 1.126403e-01 1.803900e+04 
 1.160000 1.160000 1.394699e-01 1.963474e-01 2.147000e+04 
 1.160000 1.240000 1.279005e-01 2.089617e-01 1.968900e+04 
 1.160000 1.320000 1.044043e-01 2.317052e-01 1.607200e+04 
 1.160000 1.400000 7.838119e-02 1.842531e-01 1.206600e+04 
 1.160000 1.480000 6.950110e-02 1.736653e-01 1.069900e+04 
 1.160000 1.560000 5.926335e-02 2.021628e-01 9.123000e+03 
 1.160000 1.640000 4.754450e-02 2.426724e-01 7.319000e+03 
 1.160000 1.720000 2.321034e-02 2.008545e-01 3.573000e+03 
 1.160000 1.800000 8.009614e-03 1.668923e-01 1.233000e+03 
 1.160000 1.880000 4.923996e-03 6.610849e-02 7.580000e+02 
 1.160000 1.960000 1.773418e-03 3.741264e-02 2.730000e+02 
 
1.240000 0.040000 1.583880e-04 4.058350e-04 1.800000e+01 
 1.240000 0.120000 1.759866e-05 1.834324e-05 2.000000e+00 
 1.240000 0.200000 7.039465e-05 3.935458e-05 8.000000e+00 
 1.240000 0.280000 2.287826e-04 9.133030e-05 2.600000e+01 
 1.240000 0.360000 1.935853e-04 8.441182e-05 2.200000e+01 
 1.240000 0.440000 3.871706e-04 1.595538e-04 4.400000e+01 
 1.240000 0.520000 1.671873e-04 7.154746e-05 1.900000e+01 
 1.240000 0.600000 9.679264e-05 3.687056e-05 1.100000e+01 
 1.240000 0.680000 2.639799e-05 1.008844e-05 3.000000e+00 
 1.240000 0.760000 3.255753e-04 1.023561e-04 3.700000e+01 
 1.240000 0.840000 9.001716e-03 2.943343e-03 1.023000e+03 
 1.240000 0.920000 1.162216e-01 4.096584e-02 1.320800e+04 
 1.240000 1.000000 8.073386e-02 4.000576e-02 9.175000e+03 
 1.240000 1.080000 4.117207e-02 2.921691e-02 4.679000e+03 
 1.240000 1.160000 9.259536e-02 9.623492e-02 1.052300e+04 
 1.240000 1.240000 1.701087e-01 2.051728e-01 1.933200e+04 
 1.240000 1.320000 1.399094e-01 2.292255e-01 1.590000e+04 
 1.240000 1.400000 8.866206e-02 1.538649e-01 1.007600e+04 
 1.240000 1.480000 8.254653e-02 1.522717e-01 9.381000e+03 
 1.240000 1.560000 7.212812e-02 1.816429e-01 8.197000e+03 
 1.240000 1.640000 6.040741e-02 2.276194e-01 6.865000e+03 
 1.240000 1.720000 2.842184e-02 1.815729e-01 3.230000e+03 
 1.240000 1.800000 9.160104e-03 1.409042e-01 1.041000e+03 
 1.240000 1.880000 5.904351e-03 5.852084e-02 6.710000e+02 
 1.240000 1.960000 1.355097e-03 2.110456e-02 1.540000e+02 
 
1.320000 0.040000 4.363002e-04 7.891236e-04 3.500000e+01 
 1.320000 0.120000 1.620544e-04 1.192311e-04 1.300000e+01 
 1.320000 0.200000 2.243829e-04 8.854782e-05 1.800000e+01 
 1.320000 0.280000 3.989030e-04 1.124065e-04 3.200000e+01 
 1.320000 0.360000 4.986288e-04 1.534760e-04 4.000000e+01 
 1.320000 0.440000 7.105460e-04 2.066947e-04 5.700000e+01 
 1.320000 0.520000 4.363002e-04 1.317979e-04 3.500000e+01 
 1.320000 0.600000 1.745201e-04 4.692617e-05 1.400000e+01 
 1.320000 0.680000 6.232860e-05 1.681407e-05 5.000000e+00 
 1.320000 0.760000 8.726003e-04 1.936467e-04 7.000000e+01 
 1.320000 0.840000 2.263775e-02 5.224937e-03 1.816000e+03 
 1.320000 0.920000 7.557966e-02 1.880496e-02 6.063000e+03 
 1.320000 1.000000 4.161057e-02 1.455468e-02 3.338000e+03 
 1.320000 1.080000 6.842433e-02 3.427476e-02 5.489000e+03 
 1.320000 1.160000 1.070431e-01 7.852982e-02 8.587000e+03 
 1.320000 1.240000 1.540888e-01 1.311888e-01 1.236100e+04 
 1.320000 1.320000 1.705061e-01 1.971916e-01 1.367800e+04 
 1.320000 1.400000 1.025056e-01 1.255688e-01 8.223000e+03 
 1.320000 1.480000 8.206183e-02 1.068547e-01 6.583000e+03 
 1.320000 1.560000 6.782598e-02 1.205708e-01 5.441000e+03 
 1.320000 1.640000 5.282972e-02 1.405172e-01 4.238000e+03 
 1.320000 1.720000 2.660184e-02 1.199618e-01 2.134000e+03 
 1.320000 1.800000 1.133134e-02 1.230374e-01 9.090000e+02 
 1.320000 1.880000 1.038394e-02 7.264957e-02 8.330000e+02 
 1.320000 1.960000 2.592870e-03 2.850487e-02 2.080000e+02 
 
1.400000 0.040000 1.698110e-03 2.457556e-03 1.090000e+02 
 1.400000 0.120000 5.608438e-04 3.301783e-04 3.600000e+01 
 1.400000 0.200000 7.166337e-04 2.262889e-04 4.600000e+01 
 1.400000 0.280000 4.673698e-04 1.053811e-04 3.000000e+01 
 1.400000 0.360000 1.012635e-03 2.493986e-04 6.500000e+01 
 1.400000 0.440000 1.199582e-03 2.792192e-04 7.700000e+01 
 1.400000 0.520000 1.511162e-03 3.652686e-04 9.700000e+01 
 1.400000 0.600000 6.854757e-04 1.474822e-04 4.400000e+01 
 1.400000 0.680000 3.271589e-04 7.061909e-05 2.100000e+01 
 1.400000 0.760000 3.318326e-03 5.892393e-04 2.130000e+02 
 1.400000 0.840000 2.780850e-02 5.135745e-03 1.785000e+03 
 1.400000 0.920000 4.547508e-02 9.053549e-03 2.919000e+03 
 1.400000 1.000000 8.752278e-02 2.449617e-02 5.618000e+03 
 1.400000 1.080000 1.503684e-01 6.026963e-02 9.652000e+03 
 1.400000 1.160000 1.313777e-01 7.712146e-02 8.433000e+03 
 1.400000 1.240000 1.138980e-01 7.759252e-02 7.311000e+03 
 1.400000 1.320000 1.109069e-01 1.026325e-01 7.119000e+03 
 1.400000 1.400000 1.150041e-01 1.127264e-01 7.382000e+03 
 1.400000 1.480000 8.203898e-02 8.547730e-02 5.266000e+03 
 1.400000 1.560000 5.212731e-02 7.414630e-02 3.346000e+03 
 1.400000 1.640000 2.850956e-02 6.067639e-02 1.830000e+03 
 1.400000 1.720000 1.540762e-02 5.559615e-02 9.890000e+02 
 1.400000 1.800000 7.758339e-03 6.740661e-02 4.980000e+02 
 1.400000 1.880000 1.392762e-02 7.796965e-02 8.940000e+02 
 1.400000 1.960000 6.371808e-03 5.605043e-02 4.090000e+02 
 
1.480000 0.040000 6.369556e-03 7.079566e-03 3.140000e+02 
 1.480000 0.120000 3.306489e-03 1.494974e-03 1.630000e+02 
 1.480000 0.200000 2.109662e-03 5.116096e-04 1.040000e+02 
 1.480000 0.280000 1.115687e-03 1.931987e-04 5.500000e+01 
 1.480000 0.360000 1.703958e-03 3.222997e-04 8.400000e+01 
 1.480000 0.440000 1.115687e-03 1.994423e-04 5.500000e+01 
 1.480000 0.520000 2.373370e-03 4.405817e-04 1.170000e+02 
 1.480000 0.600000 2.170517e-03 3.586500e-04 1.070000e+02 
 1.480000 0.680000 2.779074e-03 4.607055e-04 1.370000e+02 
 1.480000 0.760000 1.257683e-02 1.715157e-03 6.200000e+02 
 1.480000 0.840000 4.793395e-02 6.798748e-03 2.363000e+03 
 1.480000 0.920000 8.708441e-02 1.331514e-02 4.293000e+03 
 1.480000 1.000000 1.659533e-01 3.567162e-02 8.181000e+03 
 1.480000 1.080000 1.755888e-01 5.405034e-02 8.656000e+03 
 1.480000 1.160000 9.696330e-02 4.371405e-02 4.780000e+03 
 1.480000 1.240000 7.122137e-02 3.726266e-02 3.511000e+03 
 1.480000 1.320000 4.239609e-02 3.013090e-02 2.090000e+03 
 1.480000 1.400000 9.383938e-02 7.064105e-02 4.626000e+03 
 1.480000 1.480000 8.761182e-02 7.010567e-02 4.319000e+03 
 1.480000 1.560000 3.783192e-02 4.132781e-02 1.865000e+03 
 1.480000 1.640000 1.758728e-02 2.874668e-02 8.670000e+02 
 1.480000 1.720000 1.336795e-02 3.704537e-02 6.590000e+02 
 1.480000 1.800000 5.375581e-03 3.586898e-02 2.650000e+02 
 1.480000 1.880000 1.223198e-02 5.259027e-02 6.030000e+02 
 1.480000 1.960000 9.392052e-03 6.345073e-02 4.630000e+02 
 
1.560000 0.040000 1.531809e-02 1.222014e-02 5.420000e+02 
 1.560000 0.120000 6.754656e-03 2.192017e-03 2.390000e+02 
 1.560000 0.200000 3.787129e-03 6.591893e-04 1.340000e+02 
 1.560000 0.280000 2.600119e-03 3.231687e-04 9.200000e+01 
 1.560000 0.360000 2.939265e-03 3.990377e-04 1.040000e+02 
 1.560000 0.440000 2.515332e-03 3.227339e-04 8.900000e+01 
 1.560000 0.520000 3.447983e-03 4.594100e-04 1.220000e+02 
 1.560000 0.600000 3.504508e-03 4.156318e-04 1.240000e+02 
 1.560000 0.680000 6.641608e-03 7.902613e-04 2.350000e+02 
 1.560000 0.760000 2.911002e-02 2.849373e-03 1.030000e+03 
 1.560000 0.840000 6.036797e-02 6.145631e-03 2.136000e+03 
 1.560000 0.920000 1.259362e-01 1.382070e-02 4.456000e+03 
 1.560000 1.000000 1.703643e-01 2.628389e-02 6.028000e+03 
 1.560000 1.080000 1.359693e-01 3.004115e-02 4.811000e+03 
 1.560000 1.160000 7.820140e-02 2.530476e-02 2.767000e+03 
 1.560000 1.240000 6.265721e-02 2.352929e-02 2.217000e+03 
 1.560000 1.320000 3.306673e-02 1.686754e-02 1.170000e+03 
 1.560000 1.400000 7.099455e-02 3.835934e-02 2.512000e+03 
 1.560000 1.480000 7.780573e-02 4.468648e-02 2.753000e+03 
 1.560000 1.560000 3.298194e-02 2.586035e-02 1.167000e+03 
 1.560000 1.640000 2.136619e-02 2.506631e-02 7.560000e+02 
 1.560000 1.720000 1.916174e-02 3.811344e-02 6.780000e+02 
 1.560000 1.800000 6.839443e-03 3.275582e-02 2.420000e+02 
 1.560000 1.880000 1.647684e-02 5.084598e-02 5.830000e+02 
 1.560000 1.960000 1.119182e-02 5.426888e-02 3.960000e+02 
 
1.640000 0.040000 2.640391e-02 1.546682e-02 6.860000e+02 
 1.640000 0.120000 1.327893e-02 3.164209e-03 3.450000e+02 
 1.640000 0.200000 5.734960e-03 7.329791e-04 1.490000e+02 
 1.640000 0.280000 4.002925e-03 3.653212e-04 1.040000e+02 
 1.640000 0.360000 3.387091e-03 3.376473e-04 8.800000e+01 
 1.640000 0.440000 2.771256e-03 2.610881e-04 7.200000e+01 
 1.640000 0.520000 3.925946e-03 3.840969e-04 1.020000e+02 
 1.640000 0.600000 3.040684e-03 2.647977e-04 7.900000e+01 
 1.640000 0.680000 1.031523e-02 9.012342e-04 2.680000e+02 
 1.640000 0.760000 3.906701e-02 2.807878e-03 1.015000e+03 
 1.640000 0.840000 6.162195e-02 4.606346e-03 1.601000e+03 
 1.640000 0.920000 1.215119e-01 9.791728e-03 3.157000e+03 
 1.640000 1.000000 1.543051e-01 1.748044e-02 4.009000e+03 
 1.640000 1.080000 1.134290e-01 1.840184e-02 2.947000e+03 
 1.640000 1.160000 7.336130e-02 1.743075e-02 1.906000e+03 
 1.640000 1.240000 6.200685e-02 1.709774e-02 1.611000e+03 
 1.640000 1.320000 3.163851e-02 1.185053e-02 8.220000e+02 
 1.640000 1.400000 6.400831e-02 2.539474e-02 1.663000e+03 
 1.640000 1.480000 7.201416e-02 3.036993e-02 1.871000e+03 
 1.640000 1.560000 3.213887e-02 1.850334e-02 8.350000e+02 
 1.640000 1.640000 2.798199e-02 2.410477e-02 7.270000e+02 
 1.640000 1.720000 2.752011e-02 4.019338e-02 7.150000e+02 
 1.640000 1.800000 1.039221e-02 3.654575e-02 2.700000e+02 
 1.640000 1.880000 2.116932e-02 4.796791e-02 5.500000e+02 
 1.640000 1.960000 1.497248e-02 5.330958e-02 3.890000e+02 
 
1.720000 0.040000 4.443165e-02 1.914188e-02 8.490000e+02 
 1.720000 0.120000 1.946829e-02 3.411842e-03 3.720000e+02 
 1.720000 0.200000 7.431442e-03 6.985439e-04 1.420000e+02 
 1.720000 0.280000 4.448399e-03 2.985798e-04 8.500000e+01 
 1.720000 0.360000 4.657735e-03 3.414842e-04 8.900000e+01 
 1.720000 0.440000 3.925058e-03 2.719668e-04 7.500000e+01 
 1.720000 0.520000 4.343730e-03 3.125494e-04 8.300000e+01 
 1.720000 0.600000 3.872723e-03 2.480383e-04 7.400000e+01 
 1.720000 0.680000 9.681809e-03 6.221206e-04 1.850000e+02 
 1.720000 0.760000 3.857023e-02 2.038823e-03 7.370000e+02 
 1.720000 0.840000 6.144023e-02 3.377795e-03 1.174000e+03 
 1.720000 0.920000 1.054532e-01 6.249709e-03 2.015000e+03 
 1.720000 1.000000 1.399937e-01 1.166380e-02 2.675000e+03 
 1.720000 1.080000 1.027842e-01 1.226373e-02 1.964000e+03 
 1.720000 1.160000 6.431861e-02 1.123945e-02 1.229000e+03 
 1.720000 1.240000 5.662550e-02 1.148340e-02 1.082000e+03 
 1.720000 1.320000 3.244714e-02 8.938354e-03 6.200000e+02 
 1.720000 1.400000 6.405694e-02 1.869102e-02 1.224000e+03 
 1.720000 1.480000 7.227339e-02 2.241628e-02 1.381000e+03 
 1.720000 1.560000 3.323215e-02 1.407140e-02 6.350000e+02 
 1.720000 1.640000 3.003977e-02 1.903183e-02 5.740000e+02 
 1.720000 1.720000 3.349382e-02 3.597729e-02 6.400000e+02 
 1.720000 1.800000 1.460121e-02 3.776394e-02 2.790000e+02 
 1.720000 1.880000 2.658572e-02 4.430490e-02 5.080000e+02 
 1.720000 1.960000 2.182332e-02 5.714677e-02 4.170000e+02 
 
1.800000 0.040000 4.671587e-02 1.427186e-02 6.330000e+02 
 1.800000 0.120000 1.852399e-02 2.302076e-03 2.510000e+02 
 1.800000 0.200000 7.453875e-03 4.968516e-04 1.010000e+02 
 1.800000 0.280000 3.468635e-03 1.650971e-04 4.700000e+01 
 1.800000 0.360000 4.944649e-03 2.570724e-04 6.700000e+01 
 1.800000 0.440000 3.985240e-03 1.958161e-04 5.400000e+01 
 1.800000 0.520000 4.280443e-03 2.184080e-04 5.800000e+01 
 1.800000 0.600000 2.214022e-03 1.005561e-04 3.000000e+01 
 1.800000 0.680000 3.690037e-03 1.681407e-04 5.000000e+01 
 1.800000 0.760000 2.671587e-02 1.001430e-03 3.620000e+02 
 1.800000 0.840000 4.391144e-02 1.711915e-03 5.950000e+02 
 1.800000 0.920000 6.686347e-02 2.810043e-03 9.060000e+02 
 1.800000 1.000000 1.124723e-01 6.645098e-03 1.524000e+03 
 1.800000 1.080000 1.000738e-01 8.467221e-03 1.356000e+03 
 1.800000 1.160000 6.546125e-02 8.111791e-03 8.870000e+02 
 1.800000 1.240000 5.889299e-02 8.469270e-03 7.980000e+02 
 1.800000 1.320000 5.343173e-02 1.043769e-02 7.240000e+02 
 1.800000 1.400000 8.546125e-02 1.768317e-02 1.158000e+03 
 1.800000 1.480000 7.542435e-02 1.658902e-02 1.022000e+03 
 1.800000 1.560000 4.472325e-02 1.342877e-02 6.060000e+02 
 1.800000 1.640000 4.273063e-02 1.919761e-02 5.790000e+02 
 1.800000 1.720000 4.376384e-02 3.333521e-02 5.930000e+02 
 1.800000 1.800000 2.066421e-02 3.789930e-02 2.800000e+02 
 1.800000 1.880000 4.154982e-02 4.910169e-02 5.630000e+02 
 1.800000 1.960000 2.258303e-02 4.193504e-02 3.060000e+02 
 
1.880000 0.040000 6.029321e-02 1.316709e-02 5.840000e+02 
 1.880000 0.120000 1.321495e-02 1.173967e-03 1.280000e+02 
 1.880000 0.200000 5.368573e-03 2.558048e-04 5.200000e+01 
 1.880000 0.280000 3.510221e-03 1.194319e-04 3.400000e+01 
 1.880000 0.360000 1.073715e-02 3.990377e-04 1.040000e+02 
 1.880000 0.440000 3.613463e-03 1.269178e-04 3.500000e+01 
 1.880000 0.520000 3.613463e-03 1.317979e-04 3.500000e+01 
 1.880000 0.600000 4.129672e-04 1.340748e-05 4.000000e+00 
 1.880000 0.680000 1.755110e-03 5.716784e-05 1.700000e+01 
 1.880000 0.760000 2.312616e-02 6.196695e-04 2.240000e+02 
 1.880000 0.840000 3.117902e-02 8.689047e-04 3.020000e+02 
 1.880000 0.920000 3.262441e-02 9.801033e-04 3.160000e+02 
 1.880000 1.000000 7.288871e-02 3.078372e-03 7.060000e+02 
 1.880000 1.080000 8.063184e-02 4.876769e-03 7.810000e+02 
 1.880000 1.160000 6.421639e-02 5.688313e-03 6.220000e+02 
 1.880000 1.240000 4.769771e-02 4.903261e-03 4.620000e+02 
 1.880000 1.320000 7.639893e-02 1.066836e-02 7.400000e+02 
 1.880000 1.400000 9.456948e-02 1.398772e-02 9.160000e+02 
 1.880000 1.480000 8.114805e-02 1.275829e-02 7.860000e+02 
 1.880000 1.560000 4.955606e-02 1.063665e-02 4.800000e+02 
 1.880000 1.640000 7.257898e-02 2.330902e-02 7.030000e+02 
 1.880000 1.720000 5.399546e-02 2.940019e-02 5.230000e+02 
 1.880000 1.800000 2.859798e-02 3.749323e-02 2.770000e+02 
 1.880000 1.880000 6.091266e-02 5.145648e-02 5.900000e+02 
 1.880000 1.960000 2.735907e-02 3.631629e-02 2.650000e+02 
 
1.960000 0.040000 6.217774e-02 9.244020e-03 4.100000e+02 
 1.960000 0.120000 1.198059e-02 7.245579e-04 7.900000e+01 
 1.960000 0.200000 6.672733e-03 2.164502e-04 4.400000e+01 
 1.960000 0.280000 1.061571e-03 2.458893e-05 7.000000e+00 
 1.960000 0.360000 2.047316e-02 5.179816e-04 1.350000e+02 
 1.960000 0.440000 3.336366e-03 7.977691e-05 2.200000e+01 
 1.960000 0.520000 1.971489e-03 4.895352e-05 1.300000e+01 
 1.960000 0.600000 4.549591e-04 1.005561e-05 3.000000e+00 
 1.960000 0.680000 3.033060e-04 6.725628e-06 2.000000e+00 
 1.960000 0.760000 2.396118e-02 4.370883e-04 1.580000e+02 
 1.960000 0.840000 1.850167e-02 3.510145e-04 1.220000e+02 
 1.960000 0.920000 1.380042e-02 2.822449e-04 9.100000e+01 
 1.960000 1.000000 3.654838e-02 1.050832e-03 2.410000e+02 
 1.960000 1.080000 5.929633e-02 2.441507e-03 3.910000e+02 
 1.960000 1.160000 7.279345e-02 4.389695e-03 4.800000e+02 
 1.960000 1.240000 3.988474e-02 2.791251e-03 2.630000e+02 
 1.960000 1.320000 8.902032e-02 8.462603e-03 5.870000e+02 
 1.960000 1.400000 9.614801e-02 9.681459e-03 6.340000e+02 
 1.960000 1.480000 7.719139e-02 8.262048e-03 5.090000e+02 
 1.960000 1.560000 5.975129e-02 8.730915e-03 3.940000e+02 
 1.960000 1.640000 1.046406e-01 2.287798e-02 6.900000e+02 
 1.960000 1.720000 6.536245e-02 2.422846e-02 4.310000e+02 
 1.960000 1.800000 3.290870e-02 2.937195e-02 2.170000e+02 
 1.960000 1.880000 7.446163e-02 4.282226e-02 4.910000e+02 
 1.960000 1.960000 2.729754e-02 2.466767e-02 1.800000e+02 
 
