0.090000 1698547
0.110000 1945088
0.130000 2235844
0.150000 2479201
0.170000 2679249
0.190000 2973646
0.210000 3220513
0.230000 3255801
0.250000 3388207
0.270000 3671152
0.290000 3735882
0.310000 3953919
0.330000 4051534
0.350000 4038239
0.370000 4094979
0.390000 4169288
0.410000 4287887
0.430000 4255703
0.450000 4345790
0.470000 4361000
0.490000 4345962
0.510000 4383386
0.530000 4387922
0.550000 4330637
0.570000 4381912
0.590000 4268226
0.610000 4277944
0.630000 4219804
0.650000 4199890
0.670000 4103894
0.690000 4055952
0.710000 3979505
0.730000 3843774
0.750000 3799945
0.770000 3702551
0.790000 3549545
0.810000 3421608
0.830000 3311014
0.850000 3173136
0.870000 3004932
0.890000 2955267
0.910000 2711295
0.930000 2607573
0.950000 2376323
0.970000 2229602
0.990000 2174986
1.010000 2017463
1.030000 1766608
1.050000 1634294
1.070000 1590492
1.090000 1380882
1.110000 1220195
1.130000 1094860
1.150000 1027688
1.170000 927775
1.190000 828780
1.210000 754659
1.230000 661234
1.250000 633415
1.270000 576771
1.290000 489153
1.310000 441792
1.330000 405378
1.350000 356466
1.370000 320197
1.390000 293881
1.410000 255501
1.430000 228143
1.450000 211142
1.470000 181899
1.490000 151430
1.510000 139400
1.530000 116800
1.550000 102846
1.570000 89388
1.590000 74968
1.610000 65486
1.630000 58785
1.650000 52091
1.670000 46594
1.690000 42196
1.710000 36357
1.730000 32045
1.750000 29564
1.770000 25233
1.790000 22768
1.810000 20799
1.830000 18046
1.850000 16302
1.870000 15399
1.890000 13347
1.910000 11944
1.930000 11160
1.950000 10081
1.970000 9259
1.990000 8913
