0.100000 0.110000 0.120000 1945088
0.120000 0.130000 0.140000 2235844
0.140000 0.150000 0.160000 2479201
0.160000 0.170000 0.180000 2679249
0.180000 0.190000 0.200000 2973646
0.200000 0.210000 0.220000 3220513
0.220000 0.230000 0.240000 3255801
0.240000 0.250000 0.260000 3388207
0.260000 0.270000 0.280000 3671152
0.280000 0.290000 0.300000 3735882
0.300000 0.310000 0.320000 3953919
0.320000 0.330000 0.340000 4051534
0.340000 0.350000 0.360000 4038239
0.360000 0.370000 0.380000 4094979
0.380000 0.390000 0.400000 4169288
0.400000 0.410000 0.420000 4287887
0.420000 0.430000 0.440000 4255703
0.440000 0.450000 0.460000 4345790
0.460000 0.470000 0.480000 4361000
0.480000 0.490000 0.500000 4345962
0.500000 0.510000 0.520000 4383386
0.520000 0.530000 0.540000 4387922
0.540000 0.550000 0.560000 4330637
0.560000 0.570000 0.580000 4381912
0.580000 0.590000 0.600000 4268226
0.600000 0.610000 0.620000 4277944
0.620000 0.630000 0.640000 4219804
0.640000 0.650000 0.660000 4199890
0.660000 0.670000 0.680000 4103894
0.680000 0.690000 0.700000 4055952
0.700000 0.710000 0.720000 3979505
0.720000 0.730000 0.740000 3843774
0.740000 0.750000 0.760000 3799945
0.760000 0.770000 0.780000 3702551
0.780000 0.790000 0.800000 3549545
0.800000 0.810000 0.820000 3421608
0.820000 0.830000 0.840000 3311014
0.840000 0.850000 0.860000 3173136
0.860000 0.870000 0.880000 3004932
0.880000 0.890000 0.900000 2955267
0.900000 0.910000 0.920000 2711295
0.920000 0.930000 0.940000 2607573
0.940000 0.950000 0.960000 2376323
0.960000 0.970000 0.980000 2229602
0.980000 0.990000 1.000000 2174986
1.000000 1.010000 1.020000 2017463
1.020000 1.030000 1.040000 1766608
1.040000 1.050000 1.060000 1634294
1.060000 1.070000 1.080000 1590492
1.080000 1.090000 1.100000 1380882
1.100000 1.110000 1.120000 1220195
1.120000 1.130000 1.140000 1094860
1.140000 1.150000 1.160000 1027688
1.160000 1.170000 1.180000 927775
1.180000 1.190000 1.200000 828780
1.200000 1.210000 1.220000 754659
1.220000 1.230000 1.240000 661234
1.240000 1.250000 1.260000 633415
1.260000 1.270000 1.280000 576771
1.280000 1.290000 1.300000 489153
1.300000 1.310000 1.320000 441792
1.320000 1.330000 1.340000 405378
1.340000 1.350000 1.360000 356466
1.360000 1.370000 1.380000 320197
1.380000 1.390000 1.400000 293881
1.400000 1.410000 1.420000 255501
1.420000 1.430000 1.440000 228143
1.440000 1.450000 1.460000 211142
1.460000 1.470000 1.480000 181899
1.480000 1.490000 1.500000 151430
1.500000 1.510000 1.520000 139400
1.520000 1.530000 1.540000 116800
1.540000 1.550000 1.560000 102846
1.560000 1.570000 1.580000 89388
1.580000 1.590000 1.600000 74968
1.600000 1.610000 1.620000 65486
1.620000 1.630000 1.640000 58785
1.640000 1.650000 1.660000 52091
1.660000 1.670000 1.680000 46594
1.680000 1.690000 1.700000 42196
1.700000 1.710000 1.720000 36357
1.720000 1.730000 1.740000 32045
1.740000 1.750000 1.760000 29564
1.760000 1.770000 1.780000 25233
1.780000 1.790000 1.800000 22768
1.800000 1.810000 1.820000 20799
1.820000 1.830000 1.840000 18046
1.840000 1.850000 1.860000 16302
1.860000 1.870000 1.880000 15399
1.880000 1.890000 1.900000 13347
1.900000 1.910000 1.920000 11944
1.920000 1.930000 1.940000 11160
1.940000 1.950000 1.960000 10081
1.960000 1.970000 1.980000 9259
1.980000 1.990000 2.000000 8913
