# Parameters:
# (Omega_m)*h^2 = 0.134400, (Omega_b)*h^2 = 0.022460, n_s = 0.961000, sigma_8 = 0.807000, w = -1.000000
# z = 0.000000
#
# sound horizon: 146.49 Mpc
# z_lss: 1091.03
# d_lss from CMB: 14100.7 Mpc
# dimensionless Hubble parameter derived from CMB constraint: 0.703
#
# k[1/Mpc] Delta^2:
0.004833 0.000378 
0.006835 0.001250 
0.008371 0.002433 
0.009666 0.003825 
0.010810 0.005367 
0.011840 0.007016 
0.014260 0.011740 
0.015280 0.014014 
0.016210 0.016211 
0.017860 0.020409 
0.019330 0.024416 
0.020170 0.026779 
0.021340 0.030138 
0.022320 0.033020 
0.023680 0.037137 
0.024650 0.040175 
0.026210 0.045254 
0.027680 0.050321 
0.028530 0.053408 
0.029700 0.057874 
0.031000 0.063158 
0.032200 0.068337 
0.032880 0.071402 
0.034240 0.077815 
0.035550 0.084365 
0.036860 0.091317 
0.037950 0.097432 
0.039290 0.105382 
0.040400 0.112325 
0.041640 0.120427 
0.042940 0.129240 
0.044150 0.137634 
0.045430 0.146605 
0.046610 0.154831 
0.047820 0.163125 
0.048930 0.170543 
0.050310 0.179377 
0.051560 0.187010 
0.052380 0.191818 
0.053780 0.199602 
0.055130 0.206719 
0.056280 0.212513 
0.057350 0.217732 
0.058700 0.224163 
0.059890 0.229770 
0.061140 0.235677 
0.062260 0.241062 
0.063400 0.246695 
0.064800 0.253901 
0.066010 0.260450 
0.067250 0.267531 
0.068290 0.273797 
0.069590 0.282076 
0.070710 0.289636 
0.071920 0.298228 
0.073070 0.306870 
0.074120 0.315088 
0.075500 0.326414 
0.076630 0.336079 
0.077910 0.347388 
0.079130 0.358483 
0.080280 0.369145 
0.081380 0.379479 
0.082720 0.392130 
0.084060 0.404786 
0.085340 0.416725 
0.086540 0.427758 
0.087600 0.437274 
0.089000 0.449480 
0.090090 0.458672 
0.091130 0.467163 
0.092400 0.477102 
0.093580 0.485990 
0.094960 0.495985 
0.096080 0.503805 
0.097280 0.511966 
0.098530 0.520299 
0.099740 0.528283 
0.100900 0.535943 
0.102100 0.543950 
0.103400 0.552814 
0.104600 0.561240 
0.105700 0.569215 
0.106900 0.578316 
0.108200 0.588607 
0.109400 0.598556 
0.110500 0.608026 
0.111700 0.618836 
0.113000 0.631029 
0.114200 0.642689 
0.115300 0.653677 
0.116600 0.667052 
0.117800 0.679659 
0.119000 0.692467 
0.120100 0.704349 
0.121300 0.717405 
0.122700 0.732683 
0.123900 0.745741 
0.125100 0.758781 
0.126300 0.771667 
0.127600 0.785528 
0.128800 0.798157 
0.130000 0.810640 
0.131100 0.821926 
0.132400 0.835131 
0.133600 0.847152 
0.134700 0.858099 
0.136000 0.870897 
0.137200 0.882677 
0.138400 0.894412 
0.139600 0.906159 
0.140800 0.917946 
0.142000 0.929813 
0.143300 0.942777 
0.144400 0.953876 
0.145600 0.966157 
0.146900 0.979640 
0.148000 0.991238 
0.149200 1.004126 
0.150400 1.017217 
0.151600 1.030515 
0.152800 1.044070 
0.154000 1.057842 
0.155200 1.071811 
0.156400 1.085967 
0.157700 1.101528 
0.158900 1.116048 
0.160100 1.130700 
0.161300 1.145470 
0.162500 1.160335 
0.163800 1.176517 
0.165000 1.191512 
0.166200 1.206548 
0.167400 1.221613 
0.168500 1.235434 
0.169800 1.251772 
0.171000 1.266862 
0.172200 1.281963 
0.173400 1.297081 
0.174600 1.312221 
0.175900 1.328661 
0.177100 1.343878 
0.178300 1.359147 
0.179500 1.374483 
0.180700 1.389901 
0.181900 1.405410 
0.183000 1.419715 
0.184200 1.435430 
0.185500 1.452591 
0.186700 1.468560 
0.187900 1.484660 
0.189100 1.500893 
0.190300 1.517260 
0.191500 1.533761 
0.192700 1.550393 
0.193900 1.567155 
0.195200 1.585452 
0.196300 1.601044 
0.197500 1.618164 
0.198800 1.636833 
0.200000 1.654172 
0.201300 1.673067 
0.202300 1.687674 
0.203600 1.706756 
0.204900 1.725936 
0.206000 1.742239 
0.207200 1.760099 
0.208400 1.778037 
0.209700 1.797554 
0.210900 1.815651 
0.212100 1.833823 
0.213300 1.852075 
0.214500 1.870409 
0.215700 1.888828 
0.216900 1.907337 
0.218100 1.925938 
0.219300 1.944635 
0.220600 1.965006 
0.221800 1.983918 
0.223000 2.002944 
0.224100 2.020493 
0.225400 2.041359 
0.226500 2.059131 
0.227700 2.078641 
0.229000 2.099926 
0.230200 2.119712 
0.231400 2.139645 
0.232600 2.159726 
0.233800 2.179950 
0.235000 2.200318 
0.236200 2.220828 
0.237400 2.241484 
0.238600 2.262304 
0.239900 2.285023 
0.241000 2.304382 
0.242200 2.325637 
0.243500 2.348828 
0.244700 2.370388 
0.245900 2.392095 
0.247100 2.413938 
0.248300 2.435916 
0.249600 2.459878 
0.250800 2.482137 
0.252000 2.504526 
0.253200 2.527040 
0.254400 2.549676 
0.255600 2.572432 
0.256800 2.595308 
0.258000 2.618296 
0.259200 2.641397 
0.260400 2.664607 
0.261600 2.687921 
0.262800 2.711341 
0.264100 2.736827 
0.265200 2.758483 
0.266400 2.782199 
0.267600 2.806014 
0.268800 2.829927 
0.270100 2.855928 
0.271200 2.878014 
0.272500 2.904219 
0.273700 2.928502 
0.274900 2.952867 
0.276100 2.977327 
0.277300 3.001881 
0.278500 3.026511 
0.279700 3.051235 
0.280900 3.076054 
0.282100 3.100954 
0.283400 3.128032 
0.284600 3.153128 
0.285800 3.178312 
0.287000 3.203586 
0.288200 3.228959 
0.289400 3.254424 
0.290600 3.279982 
0.291900 3.307785 
0.293000 3.331399 
0.294200 3.357254 
0.295400 3.383214 
0.296700 3.411449 
0.297900 3.437621 
0.299000 3.461707 
0.300300 3.490286 
0.301500 3.516779 
0.302700 3.543383 
0.303800 3.567868 
0.305000 3.594684 
0.306300 3.623865 
0.307500 3.650921 
0.308700 3.678095 
0.309900 3.705385 
0.311100 3.732794 
0.312300 3.760323 
0.313500 3.787973 
0.314700 3.815745 
0.316000 3.845968 
0.317200 3.874000 
0.318400 3.902156 
0.319600 3.930436 
0.320800 3.958843 
0.322000 3.987374 
0.323200 4.016039 
0.324400 4.044829 
0.325700 4.076165 
0.326900 4.105224 
0.328100 4.134412 
0.329200 4.161288 
0.330500 4.193190 
0.331700 4.222773 
0.332900 4.252487 
0.334100 4.282331 
0.335400 4.314816 
0.336500 4.342421 
0.337700 4.372666 
0.338900 4.403042 
0.340200 4.436096 
0.341400 4.466747 
0.342500 4.494959 
0.343800 4.528448 
0.345000 4.559496 
0.346200 4.590679 
0.347400 4.621991 
0.348600 4.653437 
0.349800 4.685014 
0.351000 4.716722 
0.352200 4.748564 
0.353400 4.780534 
0.354600 4.812639 
0.355800 4.844875 
0.357100 4.879947 
0.358300 4.912455 
0.359500 4.945094 
0.360700 4.977862 
0.361900 5.010763 
0.363100 5.043790 
0.364300 5.076952 
0.365600 5.113019 
0.366700 5.143658 
0.368000 5.180004 
0.369200 5.213694 
0.370400 5.247507 
0.371600 5.281453 
0.372800 5.315523 
0.374000 5.349727 
0.375200 5.384052 
0.376400 5.418511 
0.377600 5.453093 
0.378800 5.487807 
0.380000 5.522642 
0.381200 5.557609 
0.382400 5.592700 
0.383600 5.627920 
0.384900 5.666215 
0.386000 5.698737 
0.387200 5.734333 
0.388500 5.773042 
0.389600 5.805908 
0.390900 5.844892 
0.392100 5.881002 
0.393300 5.917242 
0.394500 5.953606 
0.395700 5.990101 
0.396900 6.026713 
0.398200 6.066526 
0.399400 6.103400 
0.400500 6.137317 
0.401800 6.177529 
0.403000 6.214787 
0.404200 6.252162 
0.405400 6.289672 
0.406600 6.327297 
0.407800 6.365059 
0.409000 6.402931 
0.410200 6.440946 
0.411400 6.479069 
0.412700 6.520527 
0.413900 6.558910 
0.415100 6.597432 
0.416200 6.632849 
0.417500 6.674843 
0.418700 6.713737 
0.419900 6.752755 
0.421100 6.791900 
0.422300 6.831167 
0.423500 6.870569 
0.424700 6.910083 
0.425900 6.949738 
0.427100 6.989502 
0.428400 7.032739 
0.429500 7.069425 
0.430700 7.109577 
0.432000 7.153210 
0.433200 7.193621 
0.434400 7.234163 
0.435600 7.274822 
0.436800 7.315619 
0.438000 7.356524 
0.439200 7.397574 
0.440400 7.438734 
0.441700 7.483480 
0.442900 7.524907 
0.444100 7.566463 
0.445300 7.608149 
0.446500 7.649952 
0.447700 7.691898 
0.448900 7.733946 
0.450100 7.776141 
0.451300 7.818449 
0.452500 7.860892 
0.453700 7.903463 
0.454900 7.946147 
0.456200 7.992554 
0.457300 8.031913 
0.458500 8.074991 
0.459700 8.118188 
0.460900 8.161511 
0.462200 8.208595 
0.463400 8.252175 
0.464600 8.295905 
0.465800 8.339735 
0.467000 8.383708 
0.468200 8.427801 
0.469400 8.472018 
0.470600 8.516377 
0.471900 8.564550 
0.473000 8.605444 
0.474200 8.650166 
0.475500 8.698761 
0.476700 8.743762 
0.477900 8.788863 
0.479100 8.834119 
0.480300 8.879477 
0.481500 8.924972 
0.482700 8.970599 
0.483900 9.016333 
0.485200 9.066048 
0.486400 9.112045 
0.487500 9.154329 
0.488800 9.204447 
0.490000 9.250822 
0.491200 9.297347 
0.492400 9.343969 
0.493600 9.390735 
0.494800 9.437631 
0.496000 9.484630 
0.497200 9.531777 
0.498400 9.579033 
0.499600 9.626417 
0.500800 9.673948 
0.502000 9.721566 
0.503200 9.769335 
0.504400 9.817225 
0.505700 9.869235 
0.506900 9.917399 
0.508100 9.965650 
0.509300 10.014048 
0.510500 10.062572 
0.511700 10.111201 
0.512900 10.159981 
0.514200 10.212943 
0.515400 10.261961 
0.516500 10.307028 
0.517800 10.360375 
0.519000 10.409778 
0.520200 10.459296 
0.521400 10.508922 
0.522600 10.558699 
0.523800 10.608576 
0.525000 10.658576 
0.526200 10.708726 
0.527400 10.758955 
0.528700 10.813536 
0.529900 10.864051 
0.531000 10.910436 
0.532300 10.965423 
0.533500 11.016287 
0.534700 11.067268 
0.535900 11.118401 
0.537100 11.169619 
0.538300 11.220966 
0.539500 11.272463 
0.540700 11.324034 
0.541900 11.375751 
0.543100 11.427601 
0.544300 11.479529 
0.545500 11.531615 
0.546800 11.588167 
0.548000 11.640475 
0.549200 11.692929 
0.550400 11.745484 
0.551600 11.798155 
0.552800 11.850970 
0.554000 11.903876 
0.555200 11.956903 
0.556400 12.010079 
0.557600 12.063329 
0.558800 12.116711 
0.560100 12.174713 
0.561300 12.228310 
0.562500 12.282063 
0.563700 12.335953 
0.564900 12.389910 
0.566100 12.444016 
0.567300 12.498251 
0.568500 12.552556 
0.569700 12.607009 
0.570900 12.661588 
0.572200 12.720807 
0.573400 12.775622 
0.574600 12.830548 
0.575700 12.880969 
0.577000 12.940723 
0.578200 12.995996 
0.579400 13.051351 
0.580600 13.106854 
0.581800 13.162470 
0.583000 13.218170 
0.584200 13.274017 
0.585400 13.329971 
0.586600 13.386009 
0.587800 13.442193 
0.589000 13.498492 
0.590300 13.559568 
0.591500 13.616098 
0.592700 13.672744 
0.593900 13.729461 
0.595100 13.786333 
0.596300 13.843317 
0.597500 13.900364 
0.598700 13.957566 
0.599900 14.014895 
0.601200 14.077058 
0.602300 14.129796 
0.603600 14.192266 
0.604800 14.249983 
0.606000 14.307844 
0.607200 14.365863 
0.608400 14.423898 
0.609600 14.482088 
0.610800 14.540419 
0.612000 14.598798 
0.613200 14.657303 
0.614400 14.715961 
0.615600 14.774681 
0.616800 14.833507 
0.618000 14.892479 
0.619200 14.951536 
0.620500 15.015613 
0.621700 15.074914 
0.622800 15.129368 
0.624000 15.188818 
0.625300 15.253387 
0.626500 15.313139 
0.627700 15.372905 
0.628900 15.432826 
0.630100 15.492894 
0.631400 15.558007 
0.632500 15.613215 
0.633800 15.678624 
0.635000 15.739069 
0.636200 15.799612 
0.637400 15.860300 
0.638600 15.921083 
0.639800 15.981921 
0.641000 16.042908 
0.642200 16.104043 
0.643400 16.165182 
0.644600 16.226461 
0.645800 16.287888 
0.647100 16.354494 
0.648300 16.416081 
0.649500 16.477822 
0.650700 16.539642 
0.651800 16.596363 
0.653100 16.663550 
0.654300 16.725718 
0.655500 16.787886 
0.656700 16.850198 
0.657900 16.912659 
0.659100 16.975169 
0.660300 17.037768 
0.661500 17.100507 
0.662700 17.163374 
0.664000 17.231499 
0.665200 17.294531 
0.666400 17.357718 
0.667600 17.420911 
0.668800 17.484231 
0.670000 17.547688 
0.671200 17.611231 
0.672400 17.674825 
0.673600 17.738562 
0.674900 17.807768 
0.676000 17.866323 
0.677300 17.935671 
0.678500 17.999835 
0.679700 18.064067 
0.680900 18.128349 
0.682100 18.192779 
0.683300 18.257357 
0.684500 18.321929 
0.685700 18.386617 
0.686900 18.451459 
0.688100 18.516386 
0.689400 18.586763 
0.690500 18.646444 
0.691700 18.711689 
0.693000 18.782380 
0.694200 18.847754 
0.695400 18.913270 
0.696600 18.978883 
0.697800 19.044511 
0.699000 19.110280 
0.700200 19.176189 
0.701400 19.242135 
0.702600 19.308150 
0.703800 19.374322 
0.705000 19.440622 
0.706300 19.512422 
0.707500 19.578843 
0.708700 19.645408 
0.709900 19.712045 
0.711100 19.778715 
0.712300 19.845519 
0.713500 19.912477 
0.714700 19.979437 
0.715900 20.046492 
0.717200 20.119290 
0.718400 20.186612 
0.719600 20.253921 
0.720800 20.321362 
0.722000 20.388943 
0.723200 20.456596 
0.724400 20.524272 
0.725600 20.592097 
0.726800 20.660050 
0.728000 20.728037 
0.729200 20.796089 
0.730400 20.864277 
0.731600 20.932602 
0.732800 21.000916 
0.734000 21.069334 
0.735200 21.137885 
0.736500 21.212293 
0.737700 21.280944 
0.738900 21.349737 
0.740100 21.418662 
0.741300 21.487676 
0.742500 21.556693 
0.743700 21.625841 
0.744900 21.695129 
0.746200 21.770240 
0.747300 21.833840 
0.748500 21.903343 
0.749800 21.978791 
0.751000 22.048457 
0.752200 22.118189 
0.753400 22.188058 
0.754600 22.258062 
0.755800 22.328059 
0.757000 22.398138 
0.758200 22.468351 
0.759400 22.538698 
0.760600 22.609019 
0.761900 22.685319 
0.763000 22.749994 
0.764200 22.820684 
0.765500 22.897233 
0.766700 22.968007 
0.767900 23.038911 
0.769100 23.109945 
0.770300 23.180925 
0.771500 23.252025 
0.772700 23.323265 
0.773900 23.394633 
0.775100 23.465942 
0.776300 23.537381 
0.777500 23.608947 
0.778700 23.680649 
0.780000 23.758261 
0.781200 23.830028 
0.782400 23.901931 
0.783600 23.973968 
0.784800 24.045937 
0.786000 24.118023 
0.787200 24.190253 
0.788400 24.262605 
0.789600 24.334901 
0.790900 24.413357 
0.792000 24.479856 
0.793300 24.558592 
0.794500 24.631213 
0.795700 24.703946 
0.796900 24.776809 
0.798100 24.849801 
0.799300 24.922763 
0.800500 24.995805 
0.801700 25.068974 
0.802900 25.142275 
0.804100 25.215574 
0.805300 25.288919 
0.806500 25.362392 
0.807700 25.435995 
0.809000 25.515766 
0.810200 25.589422 
0.811400 25.663205 
0.812600 25.737117 
0.813800 25.811091 
0.815000 25.885040 
0.816200 25.959119 
0.817400 26.033325 
0.818600 26.107641 
0.819800 26.181882 
0.821000 26.256251 
0.822200 26.330745 
0.823500 26.411590 
0.824700 26.486150 
0.825900 26.560813 
0.827100 26.635602 
0.828300 26.710518 
0.829500 26.785422 
0.830700 26.860368 
0.831900 26.935438 
0.833100 27.010634 
0.834300 27.085886 
0.835500 27.161108 
0.836800 27.242741 
0.838000 27.318224 
0.839200 27.393818 
0.840400 27.469321 
0.841600 27.544950 
0.842800 27.620702 
0.844000 27.696579 
0.845200 27.772421 
0.846400 27.848316 
0.847600 27.924336 
0.848800 28.000478 
0.850000 28.076674 
0.851300 28.159185 
0.852500 28.235478 
0.853700 28.311892 
0.854900 28.388430 
0.856100 28.464863 
0.857300 28.541410 
0.858500 28.618081 
0.859700 28.694873 
0.860900 28.771664 
0.862100 28.848467 
0.863300 28.925390 
0.864500 29.002435 
0.865700 29.079589 
0.867000 29.163065 
0.868200 29.240244 
0.869400 29.317545 
0.870600 29.394965 
0.871800 29.472356 
0.873000 29.549781 
0.874200 29.627325 
0.875400 29.704988 
0.876600 29.782747 
0.877800 29.860409 
0.879000 29.938190 
0.880200 30.016088 
0.881500 30.100615 
0.882700 30.178611 
0.883900 30.256635 
0.885100 30.334779 
0.886300 30.413040 
0.887500 30.491408 
0.888700 30.569661 
0.889900 30.648032 
0.891100 30.726518 
0.892300 30.805122 
0.893500 30.883740 
0.894700 30.962335 
0.896000 31.047610 
0.897200 31.126446 
0.898400 31.205400 
0.899600 31.284256 
0.900800 31.363195 
0.902000 31.442249 
0.903200 31.521418 
0.904400 31.600654 
0.905600 31.679806 
0.906800 31.759073 
0.908000 31.838455 
0.909300 31.924581 
0.910500 32.004057 
0.911700 32.083542 
0.912900 32.163143 
0.914100 32.242856 
0.915300 32.322682 
0.916500 32.402410 
0.917700 32.482212 
0.918900 32.562128 
0.920100 32.642156 
0.921300 32.722275 
0.922500 32.802275 
0.923700 32.882388 
0.925000 32.969303 
0.926200 33.049650 
0.927400 33.130011 
0.928600 33.210327 
0.929800 33.290753 
0.931000 33.371292 
0.932200 33.451942 
0.933400 33.532559 
0.934600 33.613174 
0.935800 33.693899 
0.937000 33.774735 
0.938200 33.855682 
0.939500 33.943293 
0.940700 34.024211 
0.941900 34.105239 
0.943100 34.186375 
0.944300 34.267622 
0.945500 34.348740 
0.946700 34.429945 
0.947900 34.511257 
0.949200 34.599469 
0.950400 34.680987 
0.951600 34.762372 
0.952800 34.843867 
0.954000 34.925467 
0.955200 35.007177 
0.956400 35.088958 
0.957600 35.170619 
0.958800 35.252388 
0.960000 35.334262 
0.961200 35.416245 
0.962400 35.498289 
0.963600 35.580220 
0.964800 35.662257 
0.966000 35.744401 
0.967200 35.826650 
0.968400 35.908960 
0.969600 35.991155 
0.970900 36.080316 
0.972100 36.162729 
0.973300 36.245248 
0.974500 36.327814 
0.975700 36.410273 
0.976900 36.492838 
0.978100 36.575507 
0.979400 36.665183 
0.980500 36.741117 
0.981800 36.830725 
0.983000 36.913548 
0.984200 36.996474 
0.985400 37.079504 
0.986600 37.162600 
0.987800 37.245564 
0.989000 37.328631 
0.990200 37.411801 
0.991400 37.495073 
0.992600 37.578446 
0.993800 37.661649 
0.995000 37.744953 
0.996300 37.835314 
0.997500 37.918830 
0.998700 38.002448 
0.999900 38.085911 
1.001000 38.162490 
1.002000 38.232180 
1.004000 38.371772 
1.005000 38.441672 
1.006000 38.511415 
1.007000 38.581223 
1.008000 38.651101 
1.010000 38.791064 
1.011000 38.861149 
1.012000 38.931139 
1.013000 39.001130 
1.014000 39.071190 
1.016000 39.211517 
1.017000 39.281783 
1.018000 39.352025 
1.019000 39.422195 
1.020000 39.492432 
1.022000 39.633113 
1.023000 39.703555 
1.024000 39.774054 
1.025000 39.844396 
1.026000 39.914805 
1.028000 40.055826 
1.029000 40.126438 
1.030000 40.197118 
1.031000 40.267710 
1.032000 40.338287 
1.034000 40.479643 
1.035000 40.550421 
1.036000 40.621266 
1.037000 40.692123 
1.038000 40.762861 
1.040000 40.904540 
1.041000 40.975478 
1.042000 41.046482 
1.043000 41.117553 
1.045000 41.259469 
1.046000 41.330497 
1.047000 41.401591 
1.048000 41.472750 
1.049000 41.543975 
1.051000 41.686323 
1.052000 41.757504 
1.053000 41.828751 
1.054000 41.900063 
1.056000 42.042882 
1.057000 42.114218 
1.058000 42.185546 
1.059000 42.256937 
1.060000 42.328395 
1.062000 42.471500 
1.063000 42.543120 
1.064000 42.614591 
1.065000 42.686124 
1.066000 42.757720 
1.068000 42.901104 
1.069000 42.972893 
1.070000 43.044627 
1.071000 43.116297 
1.072000 43.188031 
1.074000 43.331685 
1.075000 43.403607 
1.076000 43.475593 
1.077000 43.547443 
1.078000 43.619308 
1.080000 43.763226 
1.081000 43.835276 
1.082000 43.907390 
1.083000 43.979545 
1.084000 44.051536 
1.086000 44.195705 
1.087000 44.267880 
1.088000 44.340119 
1.089000 44.412417 
1.090000 44.484697 
1.092000 44.629106 
1.093000 44.701401 
1.094000 44.773758 
1.095000 44.846177 
1.096000 44.918655 
1.098000 45.063418 
1.099000 45.135831 
1.100000 45.208307 
1.101000 45.280841 
1.103000 45.426090 
1.104000 45.498632 
1.105000 45.571158 
1.106000 45.643743 
1.107000 45.716386 
1.109000 45.861853 
1.110000 45.934675 
1.111000 46.007356 
1.112000 46.080048 
1.114000 46.225606 
1.115000 46.298474 
1.116000 46.371399 
1.117000 46.444385 
1.118000 46.517209 
1.120000 46.662970 
1.121000 46.735938 
1.122000 46.808965 
1.123000 46.882049 
1.124000 46.955190 
1.126000 47.101167 
1.127000 47.174230 
1.128000 47.247350 
1.129000 47.320527 
1.130000 47.393762 
1.132000 47.540183 
1.133000 47.613340 
1.134000 47.686554 
1.135000 47.759826 
1.136000 47.833155 
1.138000 47.979982 
1.139000 48.053268 
1.140000 48.126569 
1.141000 48.199924 
1.142000 48.273337 
1.144000 48.420331 
1.145000 48.493913 
1.146000 48.567365 
1.147000 48.640804 
1.148000 48.714298 
1.150000 48.861454 
1.151000 48.935114 
1.152000 49.008832 
1.153000 49.082455 
1.154000 49.156026 
1.156000 49.303333 
1.157000 49.377070 
1.158000 49.450861 
1.159000 49.524708 
1.161000 49.672211 
1.162000 49.745967 
1.163000 49.819777 
1.164000 49.893642 
1.165000 49.967562 
1.167000 50.115522 
1.168000 50.189346 
1.169000 50.263225 
1.170000 50.337157 
1.172000 50.485181 
1.173000 50.559274 
1.174000 50.633421 
1.175000 50.707395 
1.176000 50.781390 
1.178000 50.929540 
1.179000 51.003693 
1.180000 51.077902 
1.181000 51.152161 
1.182000 51.226332 
1.184000 51.374598 
1.185000 51.448810 
1.186000 51.523075 
1.187000 51.597391 
1.188000 51.671759 
1.190000 51.820352 
1.191000 51.894621 
1.192000 51.968944 
1.193000 52.043315 
1.194000 52.117741 
1.196000 52.266743 
1.197000 52.341125 
1.198000 52.415496 
1.199000 52.489917 
1.200000 52.564391 
1.202000 52.713488 
1.203000 52.788113 
1.204000 52.862713 
1.205000 52.937182 
1.206000 53.011699 
1.208000 53.160889 
1.209000 53.235560 
1.210000 53.310280 
1.211000 53.385049 
1.212000 53.459667 
1.214000 53.608941 
1.215000 53.683651 
1.216000 53.758410 
1.217000 53.833221 
1.219000 53.982929 
1.220000 54.057631 
1.221000 54.132380 
1.222000 54.207178 
1.223000 54.282028 
1.225000 54.431868 
1.226000 54.506862 
1.227000 54.581744 
1.228000 54.656579 
1.230000 54.806389 
1.231000 54.881366 
1.232000 54.956391 
1.233000 55.031468 
1.234000 55.106589 
1.236000 55.256468 
1.237000 55.331475 
1.238000 55.406528 
1.239000 55.481629 
1.240000 55.556781 
1.242000 55.707152 
1.243000 55.782187 
1.244000 55.857268 
1.245000 55.932396 
1.246000 56.007572 
1.248000 56.158064 
1.249000 56.233380 
1.250000 56.308607 
1.251000 56.383757 
1.252000 56.458957 
1.254000 56.609492 
1.255000 56.684828 
1.256000 56.760210 
1.257000 56.835639 
1.258000 56.910926 
1.260000 57.061485 
1.261000 57.136850 
1.262000 57.212256 
1.263000 57.287700 
1.264000 57.363185 
1.266000 57.514070 
1.267000 57.589439 
1.268000 57.664869 
1.269000 57.740315 
1.270000 57.815821 
1.272000 57.966970 
1.273000 58.042612 
1.274000 58.118038 
1.275000 58.193519 
1.277000 58.344592 
1.278000 58.420206 
1.279000 58.495834 
1.280000 58.571543 
1.281000 58.647257 
1.283000 58.798366 
1.284000 58.873963 
1.285000 58.949618 
1.286000 59.025330 
1.288000 59.176860 
1.289000 59.252666 
1.290000 59.328285 
1.291000 59.403939 
1.292000 59.479649 
1.294000 59.631194 
1.295000 59.707028 
1.296000 59.782896 
1.297000 59.858819 
1.298000 59.934520 
1.300000 60.086065 
1.301000 60.161886 
1.302000 60.237763 
1.303000 60.313671 
1.304000 60.389635 
1.306000 60.541453 
1.307000 60.617284 
1.308000 60.693145 
1.309000 60.769061 
1.310000 60.845031 
1.312000 60.997063 
1.313000 61.073148 
1.314000 61.149091 
1.315000 61.225004 
1.316000 61.300948 
1.318000 61.452969 
1.319000 61.529047 
1.320000 61.605155 
1.321000 61.681315 
1.322000 61.757383 
1.324000 61.909386 
1.325000 61.985454 
1.326000 62.061549 
1.327000 62.137696 
1.328000 62.213895 
1.330000 62.366293 
1.331000 62.442370 
1.332000 62.518451 
1.333000 62.594582 
1.335000 62.746994 
1.336000 62.823252 
1.337000 62.899537 
1.338000 62.975864 
1.339000 63.051995 
1.341000 63.204359 
1.342000 63.280590 
1.343000 63.356871 
1.344000 63.433200 
1.346000 63.585957 
1.347000 63.662215 
1.348000 63.738441 
1.349000 63.814691 
1.350000 63.891012 
1.352000 64.043727 
1.353000 64.120143 
1.354000 64.196608 
1.355000 64.273025 
1.356000 64.349309 
1.358000 64.501993 
1.359000 64.578393 
1.360000 64.654815 
1.361000 64.731283 
1.362000 64.807798 
1.364000 64.960738 
1.365000 65.037120 
1.366000 65.113524 
1.367000 65.189973 
1.368000 65.266466 
1.370000 65.419565 
1.371000 65.496170 
1.372000 65.572716 
1.373000 65.649137 
1.374000 65.725603 
1.376000 65.878641 
1.377000 65.955214 
1.378000 66.031831 
1.379000 66.108492 
1.380000 66.185171 
1.382000 66.338205 
1.383000 66.414769 
1.384000 66.491351 
1.385000 66.567976 
1.386000 66.644620 
1.388000 66.798058 
1.389000 66.874768 
1.390000 66.951335 
1.391000 67.027918 
1.393000 67.181210 
1.394000 67.257919 
1.395000 67.334643 
1.396000 67.411410 
1.397000 67.488217 
1.399000 67.641572 
1.400000 67.718235 
1.401000 67.794939 
1.402000 67.871683 
1.403000 67.948467 
1.405000 68.102105 
1.406000 68.178985 
1.407000 68.255718 
1.408000 68.332432 
1.410000 68.485929 
1.411000 68.562735 
1.412000 68.639581 
1.413000 68.716465 
1.414000 68.793364 
1.416000 68.947066 
1.417000 69.023841 
1.418000 69.100629 
1.419000 69.177480 
1.420000 69.254344 
1.422000 69.408209 
1.423000 69.485185 
1.424000 69.562162 
1.425000 69.638971 
1.426000 69.715792 
1.428000 69.869570 
1.429000 69.946501 
1.430000 70.023468 
1.431000 70.100472 
1.432000 70.177512 
1.434000 70.331401 
1.435000 70.408288 
1.436000 70.485210 
1.437000 70.562193 
1.438000 70.639186 
1.440000 70.793278 
1.441000 70.870376 
1.442000 70.947431 
1.443000 71.024336 
1.444000 71.101301 
1.446000 71.255308 
1.447000 71.332350 
1.448000 71.409452 
1.449000 71.486561 
1.451000 71.640805 
1.452000 71.717782 
1.453000 71.794793 
1.454000 71.871836 
1.455000 71.948913 
1.457000 72.103165 
1.458000 72.180314 
1.459000 72.257522 
1.460000 72.334697 
1.462000 72.488781 
1.463000 72.565859 
1.464000 72.642994 
1.465000 72.720135 
1.466000 72.797333 
1.468000 72.951799 
1.469000 73.029026 
1.470000 73.106093 
1.471000 73.183217 
1.472000 73.260345 
1.474000 73.414720 
1.475000 73.491940 
1.476000 73.569217 
1.477000 73.646497 
1.478000 73.723807 
1.480000 73.878084 
1.481000 73.955281 
1.482000 74.032481 
1.483000 74.109736 
1.484000 74.186994 
1.486000 74.341625 
1.487000 74.418997 
1.488000 74.496192 
1.489000 74.573394 
1.490000 74.650623 
1.492000 74.805141 
1.493000 74.882455 
1.494000 74.959798 
1.495000 75.037168 
1.496000 75.114566 
1.498000 75.269108 
1.499000 75.346364 
1.500000 75.423674 
1.501000 75.500984 
1.502000 75.578321 
1.504000 75.733103 
1.505000 75.810548 
1.506000 75.887982 
1.507000 75.965254 
1.509000 76.119851 
1.510000 76.197201 
1.511000 76.274605 
1.512000 76.352007 
1.513000 76.429435 
1.515000 76.584394 
1.516000 76.661754 
1.517000 76.739087 
1.518000 76.816445 
1.519000 76.893827 
1.521000 77.048667 
1.522000 77.126151 
1.523000 77.203632 
1.524000 77.281165 
1.526000 77.435988 
1.527000 77.513374 
1.528000 77.590810 
1.529000 77.668244 
1.530000 77.745700 
1.532000 77.900738 
1.533000 77.978293 
1.534000 78.055870 
1.535000 78.133294 
1.536000 78.210697 
1.538000 78.365598 
1.539000 78.443096 
1.540000 78.520616 
1.541000 78.598158 
1.542000 78.675750 
1.544000 78.830924 
1.545000 78.908365 
1.546000 78.985828 
1.547000 79.063313 
1.548000 79.140846 
1.550000 79.295948 
1.551000 79.373545 
1.552000 79.451163 
1.553000 79.528829 
1.554000 79.606360 
1.556000 79.761366 
1.557000 79.838898 
1.558000 79.916479 
1.559000 79.994052 
1.560000 80.071673 
1.562000 80.226975 
1.563000 80.304683 
1.564000 80.382191 
1.565000 80.459724 
1.567000 80.614876 
1.568000 80.692495 
1.569000 80.770105 
1.570000 80.847789 
1.571000 80.925464 
1.573000 81.080867 
1.574000 81.158414 
1.575000 81.236007 
1.576000 81.313590 
1.577000 81.391219 
1.579000 81.546531 
1.580000 81.624241 
1.581000 81.701969 
1.582000 81.779715 
1.584000 81.935009 
1.585000 82.012626 
1.586000 82.090260 
1.587000 82.167911 
1.588000 82.245607 
1.590000 82.401048 
1.591000 82.478822 
1.592000 82.556613 
1.593000 82.634324 
1.594000 82.711938 
1.596000 82.867271 
1.597000 82.944961 
1.598000 83.022695 
1.599000 83.100445 
1.600000 83.178209 
1.602000 83.333814 
1.603000 83.411546 
1.604000 83.489222 
1.605000 83.566885 
1.606000 83.644591 
1.608000 83.800074 
1.609000 83.877852 
1.610000 83.955673 
1.611000 84.033479 
1.612000 84.111328 
1.614000 84.266789 
1.615000 84.344506 
1.616000 84.422265 
1.617000 84.500008 
1.618000 84.577794 
1.620000 84.733434 
1.621000 84.811288 
1.622000 84.889155 
1.623000 84.966971 
1.625000 85.122451 
1.626000 85.200196 
1.627000 85.278010 
1.628000 85.355808 
1.629000 85.433647 
1.631000 85.589390 
1.632000 85.667294 
1.633000 85.745143 
1.634000 85.822900 
1.636000 85.978448 
1.637000 86.056268 
1.638000 86.134099 
1.639000 86.211970 
1.640000 86.289823 
1.642000 86.445679 
1.643000 86.523594 
1.644000 86.601350 
1.645000 86.679145 
1.646000 86.756951 
1.648000 86.912651 
1.649000 86.990546 
1.650000 87.068420 
1.651000 87.146364 
1.652000 87.224288 
1.654000 87.380079 
1.655000 87.457896 
1.656000 87.535722 
1.657000 87.613587 
1.658000 87.691461 
1.660000 87.847294 
1.661000 87.925224 
1.662000 88.003192 
1.663000 88.081168 
1.664000 88.159070 
1.666000 88.314765 
1.667000 88.392639 
1.668000 88.470520 
1.669000 88.548440 
1.670000 88.626397 
1.672000 88.782334 
1.673000 88.860314 
1.674000 88.938323 
1.675000 89.016155 
1.676000 89.094024 
1.678000 89.249843 
1.679000 89.327762 
1.680000 89.405718 
1.681000 89.483681 
1.683000 89.639686 
1.684000 89.717729 
1.685000 89.795633 
1.686000 89.873528 
1.687000 89.951428 
1.689000 90.107275 
1.690000 90.185253 
1.691000 90.263236 
1.692000 90.341255 
1.694000 90.497309 
1.695000 90.575328 
1.696000 90.653209 
1.697000 90.731125 
1.698000 90.809077 
1.700000 90.964993 
1.701000 91.042989 
1.702000 91.121019 
1.703000 91.199023 
1.704000 91.277093 
1.706000 91.433120 
1.707000 91.511047 
1.708000 91.589008 
1.709000 91.666973 
1.710000 91.744941 
1.712000 91.900980 
1.713000 91.979019 
1.714000 92.057062 
1.715000 92.135139 
1.716000 92.213244 
1.718000 92.369133 
1.719000 92.447097 
1.720000 92.525063 
1.721000 92.603093 
1.722000 92.681095 
1.724000 92.837229 
1.725000 92.915299 
1.726000 92.993402 
1.727000 93.071448 
1.728000 93.149403 
1.730000 93.305379 
1.731000 93.383400 
1.732000 93.461423 
1.733000 93.539478 
1.734000 93.617534 
1.736000 93.773712 
1.737000 93.851833 
1.738000 93.929888 
1.739000 94.007860 
1.740000 94.085833 
1.742000 94.241906 
1.743000 94.319942 
1.744000 94.398010 
1.745000 94.476078 
1.747000 94.632309 
1.748000 94.710440 
1.749000 94.788475 
1.750000 94.866456 
1.751000 94.944468 
1.753000 95.100554 
1.754000 95.178627 
1.755000 95.256699 
1.756000 95.334802 
1.758000 95.491067 
1.759000 95.569198 
1.760000 95.647249 
1.761000 95.725262 
1.762000 95.803273 
1.764000 95.959386 
1.765000 96.037455 
1.766000 96.115554 
1.767000 96.193651 
1.768000 96.271809 
1.770000 96.428119 
1.771000 96.506157 
1.772000 96.584161 
1.773000 96.662193 
1.774000 96.740255 
1.776000 96.896433 
1.777000 96.974518 
1.778000 97.052663 
1.779000 97.130774 
1.780000 97.208945 
1.782000 97.365174 
1.783000 97.443193 
1.784000 97.521272 
1.785000 97.599315 
1.786000 97.677419 
1.788000 97.833613 
1.789000 97.911737 
1.790000 97.989888 
1.791000 98.068067 
1.792000 98.146242 
1.794000 98.302354 
1.795000 98.380438 
1.796000 98.458485 
1.797000 98.536591 
1.799000 98.692821 
1.800000 98.770944 
1.801000 98.849094 
1.802000 98.927271 
1.803000 99.005443 
1.805000 99.161615 
1.806000 99.239663 
1.807000 99.317771 
1.808000 99.395839 
1.810000 99.552088 
1.811000 99.630236 
1.812000 99.708378 
1.813000 99.786546 
1.814000 99.864740 
1.816000 100.020934 
1.817000 100.099004 
1.818000 100.177100 
1.819000 100.255188 
1.820000 100.333302 
1.822000 100.489575 
1.823000 100.567733 
1.824000 100.645883 
1.825000 100.724092 
1.826000 100.802293 
1.828000 100.958418 
1.829000 101.036492 
1.830000 101.114591 
1.831000 101.192682 
1.832000 101.270831 
1.834000 101.427104 
1.835000 101.505293 
1.836000 101.583475 
1.837000 101.661680 
1.838000 101.739794 
1.840000 101.895928 
1.841000 101.974030 
1.842000 102.052124 
1.843000 102.130242 
1.844000 102.208383 
1.846000 102.364704 
1.847000 102.442884 
1.848000 102.521087 
1.849000 102.599276 
1.850000 102.677327 
1.852000 102.833500 
1.853000 102.911588 
1.854000 102.989699 
1.855000 103.067833 
1.857000 103.224137 
1.858000 103.302307 
1.859000 103.380499 
1.860000 103.458682 
1.861000 103.536839 
1.863000 103.692988 
1.864000 103.771063 
1.865000 103.849161 
1.866000 103.927280 
1.867000 104.005422 
1.869000 104.161739 
1.870000 104.239914 
1.871000 104.318110 
1.872000 104.396296 
1.874000 104.552458 
1.875000 104.630546 
1.876000 104.708622 
1.877000 104.786753 
1.878000 104.864871 
1.880000 105.021139 
1.881000 105.099322 
1.882000 105.177492 
1.883000 105.255684 
1.884000 105.333864 
1.886000 105.489995 
1.887000 105.568076 
1.888000 105.646177 
1.889000 105.724298 
1.890000 105.802407 
1.892000 105.958685 
1.893000 106.036855 
1.894000 106.115046 
1.895000 106.193223 
1.896000 106.271348 
1.898000 106.427484 
1.899000 106.505581 
1.900000 106.583665 
1.901000 106.661768 
1.902000 106.739891 
1.904000 106.896163 
1.905000 106.974346 
1.906000 107.052513 
1.907000 107.130701 
1.908000 107.208809 
1.910000 107.364930 
1.911000 107.443002 
1.912000 107.521093 
1.913000 107.599203 
1.915000 107.755446 
1.916000 107.833579 
1.917000 107.911730 
1.918000 107.989901 
1.919000 108.068090 
1.921000 108.224220 
1.922000 108.302273 
1.923000 108.380345 
1.924000 108.458435 
1.925000 108.536509 
1.927000 108.692745 
1.928000 108.770874 
1.929000 108.849020 
1.930000 108.927184 
1.932000 109.083417 
1.933000 109.161480 
1.934000 109.239525 
1.935000 109.317589 
1.936000 109.395670 
1.938000 109.551849 
1.939000 109.629947 
1.940000 109.708063 
1.941000 109.786196 
1.942000 109.864346 
1.944000 110.020592 
1.945000 110.098604 
1.946000 110.176634 
1.947000 110.254715 
1.948000 110.332778 
1.950000 110.488919 
1.951000 110.567032 
1.952000 110.645126 
1.953000 110.723237 
1.954000 110.801399 
1.956000 110.957617 
1.957000 111.035606 
1.958000 111.113646 
1.959000 111.191666 
1.960000 111.269738 
1.962000 111.425859 
1.963000 111.503944 
1.964000 111.582044 
1.965000 111.660159 
1.966000 111.738255 
1.968000 111.894475 
1.969000 111.972467 
1.970000 112.050474 
1.971000 112.128497 
1.973000 112.284587 
1.974000 112.362619 
1.975000 112.440702 
1.976000 112.518765 
1.977000 112.596878 
1.979000 112.753077 
1.980000 112.831186 
1.981000 112.909173 
1.982000 112.987174 
1.983000 113.065154 
1.985000 113.221193 
1.986000 113.299216 
1.987000 113.377289 
1.988000 113.455341 
1.990000 113.611487 
1.991000 113.689581 
1.992000 113.767653 
1.993000 113.845667 
1.994000 113.923655 
1.996000 114.079601 
1.997000 114.157630 
1.998000 114.235636 
1.999000 114.313657 
2.000000 114.391690 
2.002000 114.547798 
2.003000 114.625836 
2.004000 114.703923 
2.005000 114.781979 
2.006000 114.859911 
2.008000 115.015848 
2.009000 115.093817 
2.010000 115.171836 
2.011000 115.249832 
2.013000 115.405860 
2.014000 115.483894 
2.015000 115.561940 
2.016000 115.639962 
2.017000 115.718033 
2.018000 115.796002 
2.020000 115.951880 
2.021000 116.029818 
2.022000 116.107806 
2.023000 116.185769 
2.025000 116.341730 
2.026000 116.419729 
2.027000 116.497740 
2.028000 116.575798 
2.029000 116.653796 
2.030000 116.731813 
2.032000 116.887652 
2.033000 116.965588 
2.034000 117.043500 
2.035000 117.121459 
2.037000 117.277374 
2.038000 117.355367 
2.039000 117.433335 
2.040000 117.511350 
2.041000 117.589339 
2.043000 117.745312 
2.044000 117.823193 
2.045000 117.901085 
2.046000 117.978987 
2.047000 118.056900 
2.049000 118.212795 
2.050000 118.290739 
2.051000 118.368694 
2.052000 118.446659 
2.054000 118.602583 
2.055000 118.680579 
2.056000 118.758474 
2.057000 118.836350 
2.058000 118.914236 
2.060000 119.069999 
2.061000 119.147915 
2.062000 119.225839 
2.063000 119.303737 
2.064000 119.381681 
2.066000 119.537560 
2.067000 119.615533 
2.068000 119.693478 
2.069000 119.771336 
2.070000 119.849161 
2.072000 120.004913 
2.073000 120.082766 
2.074000 120.160665 
2.075000 120.238535 
2.076000 120.316414 
2.078000 120.472237 
2.079000 120.550180 
2.080000 120.628094 
2.081000 120.706046 
2.082000 120.783841 
2.084000 120.939493 
2.085000 121.017350 
2.086000 121.095178 
2.087000 121.173015 
2.089000 121.328750 
2.090000 121.406648 
2.091000 121.484517 
2.092000 121.562431 
2.093000 121.640316 
2.095000 121.796003 
2.096000 121.873816 
2.097000 121.951599 
2.098000 122.029426 
2.100000 122.185067 
2.101000 122.262917 
2.102000 122.340737 
2.103000 122.418602 
2.104000 122.496437 
2.106000 122.652203 
2.107000 122.730058 
2.108000 122.807826 
2.109000 122.885601 
2.110000 122.963383 
2.112000 123.118930 
2.113000 123.196732 
2.114000 123.274541 
2.115000 123.352357 
2.116000 123.430179 
2.118000 123.585844 
2.119000 123.663685 
2.120000 123.741534 
2.121000 123.819276 
2.122000 123.897007 
2.124000 124.052486 
2.125000 124.130235 
2.126000 124.208028 
2.127000 124.285789 
2.128000 124.363556 
2.130000 124.519145 
2.131000 124.596930 
2.132000 124.674758 
2.133000 124.752592 
2.134000 124.830312 
2.136000 124.985713 
2.137000 125.063441 
2.138000 125.141174 
2.139000 125.218912 
2.140000 125.296656 
2.142000 125.452159 
2.143000 125.529918 
2.144000 125.607682 
2.145000 125.685451 
2.147000 125.840964 
2.148000 125.918661 
2.149000 125.996324 
2.150000 126.074031 
2.151000 126.151703 
2.153000 126.307100 
2.154000 126.384825 
2.155000 126.462554 
2.156000 126.540287 
2.157000 126.617986 
2.159000 126.773475 
2.160000 126.851264 
2.161000 126.928904 
2.162000 127.006539 
2.164000 127.161859 
2.165000 127.239506 
2.166000 127.317195 
2.167000 127.394849 
2.168000 127.472546 
2.170000 127.627911 
2.171000 127.705619 
2.172000 127.783330 
2.173000 127.861045 
2.174000 127.938709 
2.176000 128.093951 
2.177000 128.171558 
2.178000 128.249207 
2.179000 128.326820 
2.180000 128.404474 
2.182000 128.559755 
2.183000 128.637419 
2.184000 128.715085 
2.185000 128.792755 
2.186000 128.870467 
2.188000 129.025716 
2.189000 129.103318 
2.190000 129.180883 
2.191000 129.258490 
2.192000 129.336060 
2.194000 129.491286 
2.195000 129.568903 
2.196000 129.646521 
2.197000 129.724182 
2.198000 129.801805 
2.200000 129.957097 
2.201000 130.034699 
2.202000 130.112253 
2.203000 130.189809 
2.204000 130.267367 
2.206000 130.422487 
2.207000 130.500050 
2.208000 130.577654 
2.209000 130.655221 
2.211000 130.810397 
2.212000 130.888008 
2.213000 130.965619 
2.214000 131.043232 
2.215000 131.120790 
2.217000 131.275835 
2.218000 131.353339 
2.219000 131.430884 
2.220000 131.508430 
2.222000 131.663525 
2.223000 131.741074 
2.224000 131.818624 
2.225000 131.896175 
2.226000 131.973766 
2.228000 132.128910 
2.229000 132.206428 
2.230000 132.283910 
2.231000 132.361394 
2.232000 132.438877 
2.234000 132.593886 
2.235000 132.671370 
2.236000 132.748895 
2.237000 132.826420 
2.238000 132.903945 
2.240000 133.058996 
2.241000 133.136561 
2.242000 133.214087 
2.243000 133.291567 
2.244000 133.369025 
2.246000 133.523938 
2.247000 133.601394 
2.248000 133.678850 
2.249000 133.756346 
2.250000 133.833800 
2.252000 133.988789 
2.253000 134.066282 
2.254000 134.143775 
2.255000 134.221267 
2.256000 134.298799 
2.258000 134.453633 
2.259000 134.531057 
2.260000 134.608480 
2.261000 134.685943 
2.263000 134.840825 
2.264000 134.918244 
2.265000 134.995703 
2.266000 135.073160 
2.267000 135.150615 
2.269000 135.305563 
2.270000 135.383056 
2.271000 135.460433 
2.272000 135.537821 
2.273000 135.615206 
2.275000 135.770013 
2.276000 135.847434 
2.277000 135.924813 
2.278000 136.002231 
2.280000 136.157060 
2.281000 136.234512 
2.282000 136.311922 
2.283000 136.389370 
2.284000 136.466817 
2.286000 136.621552 
2.287000 136.698935 
2.288000 136.776274 
2.289000 136.853652 
2.290000 136.931028 
2.292000 137.085771 
2.293000 137.163180 
2.294000 137.240545 
2.295000 137.317949 
2.296000 137.395350 
2.298000 137.550144 
2.299000 137.627550 
2.300000 137.704845 
2.301000 137.782178 
2.302000 137.859508 
2.304000 138.014200 
2.305000 138.091521 
2.306000 138.168880 
2.307000 138.246235 
2.308000 138.323587 
2.310000 138.478323 
2.311000 138.555665 
2.312000 138.633045 
2.313000 138.710422 
2.314000 138.787750 
2.316000 138.942344 
2.317000 139.019614 
2.318000 139.096923 
2.319000 139.174227 
2.320000 139.251569 
2.322000 139.406200 
2.323000 139.483531 
2.324000 139.560857 
2.325000 139.638221 
2.327000 139.792894 
2.328000 139.870201 
2.329000 139.947461 
2.330000 140.024717 
2.331000 140.102010 
2.333000 140.256541 
2.334000 140.333862 
2.335000 140.411137 
2.336000 140.488408 
2.337000 140.565715 
2.339000 140.720317 
2.340000 140.797652 
2.341000 140.874941 
2.342000 140.952266 
2.344000 141.106737 
2.345000 141.183965 
2.346000 141.261229 
2.347000 141.338488 
2.348000 141.415742 
2.350000 141.570276 
2.351000 141.647514 
2.352000 141.724789 
2.353000 141.802059 
2.354000 141.879365 
2.356000 142.033919 
2.357000 142.111180 
2.358000 142.188385 
2.359000 142.265585 
2.360000 142.342820 
2.362000 142.497275 
2.363000 142.574494 
2.364000 142.651749 
2.365000 142.728956 
2.366000 142.806199 
2.368000 142.960710 
2.369000 143.037977 
2.370000 143.115197 
2.371000 143.192494 
2.372000 143.269693 
2.374000 143.424065 
2.375000 143.501263 
2.376000 143.578454 
2.377000 143.655681 
2.378000 143.732902 
2.380000 143.887324 
2.381000 143.964525 
2.382000 144.041762 
2.383000 144.118950 
2.385000 144.273433 
2.386000 144.350643 
2.387000 144.427827 
2.388000 144.504995 
2.389000 144.582156 
2.391000 144.736542 
2.392000 144.813725 
2.393000 144.890900 
2.394000 144.968068 
2.396000 145.122469 
2.397000 145.199658 
2.398000 145.276883 
2.399000 145.354057 
2.400000 145.431267 
2.402000 145.585644 
2.403000 145.662809 
2.404000 145.739966 
2.405000 145.817116 
2.406000 145.894258 
2.408000 146.048604 
2.409000 146.125766 
2.410000 146.202920 
2.411000 146.280109 
2.412000 146.357290 
2.414000 146.511671 
2.415000 146.588829 
2.416000 146.666021 
