1.000000e-03 2.671778e-07 3.000000e+00 1.953288e-07
1.011591e-03 2.794556e-07 3.034773e+00 1.973621e-07
1.023317e-03 2.922949e-07 3.069950e+00 1.994147e-07
1.035178e-03 3.057211e-07 3.105534e+00 2.014867e-07
1.047177e-03 3.197608e-07 3.141530e+00 2.035782e-07
1.059315e-03 3.344420e-07 3.177944e+00 2.056893e-07
1.071593e-03 3.497937e-07 3.214780e+00 2.078203e-07
1.084014e-03 3.658464e-07 3.252043e+00 2.099712e-07
1.096579e-03 3.826317e-07 3.289738e+00 2.121421e-07
1.109290e-03 4.001830e-07 3.327870e+00 2.143332e-07
1.122148e-03 4.185350e-07 3.366443e+00 2.165447e-07
1.135155e-03 4.377238e-07 3.405464e+00 2.187766e-07
1.148312e-03 4.577873e-07 3.444937e+00 2.210291e-07
1.161623e-03 4.787652e-07 3.484868e+00 2.233024e-07
1.175087e-03 5.006988e-07 3.525261e+00 2.255965e-07
1.188708e-03 5.236313e-07 3.566123e+00 2.279115e-07
1.202486e-03 5.476078e-07 3.607458e+00 2.302477e-07
1.216424e-03 5.726755e-07 3.649273e+00 2.326051e-07
1.230524e-03 5.988836e-07 3.691572e+00 2.349839e-07
1.244787e-03 6.262837e-07 3.734361e+00 2.373842e-07
1.259216e-03 6.549294e-07 3.777647e+00 2.398061e-07
1.273811e-03 6.848769e-07 3.821434e+00 2.422497e-07
1.288576e-03 7.161849e-07 3.865729e+00 2.447151e-07
1.303512e-03 7.489147e-07 3.910537e+00 2.472026e-07
1.318621e-03 7.831303e-07 3.955864e+00 2.497121e-07
1.333906e-03 8.188984e-07 4.001717e+00 2.522439e-07
1.349367e-03 8.562890e-07 4.048101e+00 2.547980e-07
1.365008e-03 8.953749e-07 4.095023e+00 2.573745e-07
1.380830e-03 9.362324e-07 4.142489e+00 2.599736e-07
1.396835e-03 9.789409e-07 4.190505e+00 2.625954e-07
1.413026e-03 1.023584e-06 4.239078e+00 2.652399e-07
1.429405e-03 1.070247e-06 4.288214e+00 2.679073e-07
1.445973e-03 1.119022e-06 4.337919e+00 2.705978e-07
1.462733e-03 1.170003e-06 4.388200e+00 2.733113e-07
1.479688e-03 1.223289e-06 4.439064e+00 2.760480e-07
1.496839e-03 1.278983e-06 4.490518e+00 2.788080e-07
1.514189e-03 1.337193e-06 4.542568e+00 2.815915e-07
1.531740e-03 1.398031e-06 4.595221e+00 2.843984e-07
1.549495e-03 1.461614e-06 4.648485e+00 2.872289e-07
1.567455e-03 1.528066e-06 4.702366e+00 2.900831e-07
1.585624e-03 1.597513e-06 4.756872e+00 2.929610e-07
1.604003e-03 1.670091e-06 4.812009e+00 2.958628e-07
1.622595e-03 1.745937e-06 4.867786e+00 2.987886e-07
1.641403e-03 1.825199e-06 4.924209e+00 3.017383e-07
1.660429e-03 1.908027e-06 4.981286e+00 3.047122e-07
1.679675e-03 1.994580e-06 5.039025e+00 3.077102e-07
1.699144e-03 2.085025e-06 5.097433e+00 3.107324e-07
1.718839e-03 2.179533e-06 5.156517e+00 3.137790e-07
1.738762e-03 2.278286e-06 5.216287e+00 3.168499e-07
1.758917e-03 2.381471e-06 5.276750e+00 3.199452e-07
1.779304e-03 2.489285e-06 5.337913e+00 3.230650e-07
1.799929e-03 2.601933e-06 5.399786e+00 3.262093e-07
1.820792e-03 2.719629e-06 5.462375e+00 3.293782e-07
1.841897e-03 2.842596e-06 5.525690e+00 3.325718e-07
1.863246e-03 2.971068e-06 5.589739e+00 3.357900e-07
1.884843e-03 3.105287e-06 5.654530e+00 3.390329e-07
1.906691e-03 3.245506e-06 5.720073e+00 3.423006e-07
1.928792e-03 3.391992e-06 5.786375e+00 3.455930e-07
1.951148e-03 3.545019e-06 5.853445e+00 3.489102e-07
1.973764e-03 3.704875e-06 5.921293e+00 3.522522e-07
1.996642e-03 3.871862e-06 5.989927e+00 3.556190e-07
2.019786e-03 4.046293e-06 6.059357e+00 3.590107e-07
2.043197e-03 4.228494e-06 6.129592e+00 3.624272e-07
2.066880e-03 4.418806e-06 6.200641e+00 3.658685e-07
2.090838e-03 4.617586e-06 6.272513e+00 3.693346e-07
2.115073e-03 4.825204e-06 6.345218e+00 3.728256e-07
2.139589e-03 5.042047e-06 6.418767e+00 3.763413e-07
2.164389e-03 5.268519e-06 6.493167e+00 3.798818e-07
2.189477e-03 5.505040e-06 6.568430e+00 3.834470e-07
2.214855e-03 5.752048e-06 6.644566e+00 3.870370e-07
2.240528e-03 6.010003e-06 6.721584e+00 3.906516e-07
2.266498e-03 6.279380e-06 6.799494e+00 3.942908e-07
2.292769e-03 6.560676e-06 6.878308e+00 3.979546e-07
2.319345e-03 6.854411e-06 6.958035e+00 4.016429e-07
2.346229e-03 7.161125e-06 7.038687e+00 4.053555e-07
2.373424e-03 7.481381e-06 7.120273e+00 4.090926e-07
2.400935e-03 7.815766e-06 7.202805e+00 4.128539e-07
2.428764e-03 8.164893e-06 7.286293e+00 4.166394e-07
2.456916e-03 8.529399e-06 7.370749e+00 4.204489e-07
2.485395e-03 8.909950e-06 7.456185e+00 4.242825e-07
2.514203e-03 9.307239e-06 7.542610e+00 4.281398e-07
2.543346e-03 9.721988e-06 7.630037e+00 4.320210e-07
2.572826e-03 1.015495e-05 7.718478e+00 4.359257e-07
2.602648e-03 1.060691e-05 7.807944e+00 4.398539e-07
2.632815e-03 1.107868e-05 7.898446e+00 4.438054e-07
2.663333e-03 1.157111e-05 7.989998e+00 4.477801e-07
2.694204e-03 1.208510e-05 8.082611e+00 4.517778e-07
2.725433e-03 1.262156e-05 8.176298e+00 4.557983e-07
2.757023e-03 1.318146e-05 8.271070e+00 4.598415e-07
2.788980e-03 1.376580e-05 8.366941e+00 4.639072e-07
2.821308e-03 1.437562e-05 8.463923e+00 4.679951e-07
2.854010e-03 1.501202e-05 8.562029e+00 4.721050e-07
2.887091e-03 1.567611e-05 8.661273e+00 4.762368e-07
2.920556e-03 1.636909e-05 8.761667e+00 4.803902e-07
2.954408e-03 1.709218e-05 8.863224e+00 4.845649e-07
2.988653e-03 1.784665e-05 8.965959e+00 4.887607e-07
3.023295e-03 1.863384e-05 9.069884e+00 4.929774e-07
3.058338e-03 1.945514e-05 9.175014e+00 4.972146e-07
3.093788e-03 2.031198e-05 9.281363e+00 5.014722e-07
3.129648e-03 2.120587e-05 9.388944e+00 5.057497e-07
3.165924e-03 2.213837e-05 9.497772e+00 5.100469e-07
3.202621e-03 2.311110e-05 9.607862e+00 5.143635e-07
3.239743e-03 2.412576e-05 9.719228e+00 5.186991e-07
3.277295e-03 2.518411e-05 9.831885e+00 5.230535e-07
3.315282e-03 2.628798e-05 9.945847e+00 5.274262e-07
3.353710e-03 2.743928e-05 1.006113e+01 5.318169e-07
3.392583e-03 2.863999e-05 1.017775e+01 5.362251e-07
3.431907e-03 2.989216e-05 1.029572e+01 5.406507e-07
3.471687e-03 3.119796e-05 1.041506e+01 5.450930e-07
3.511928e-03 3.255961e-05 1.053578e+01 5.495517e-07
3.552635e-03 3.397944e-05 1.065790e+01 5.540265e-07
3.593814e-03 3.545985e-05 1.078144e+01 5.585167e-07
3.635470e-03 3.700336e-05 1.090641e+01 5.630221e-07
3.677609e-03 3.861257e-05 1.103283e+01 5.675420e-07
3.720237e-03 4.029021e-05 1.116071e+01 5.720762e-07
3.763358e-03 4.203910e-05 1.129008e+01 5.766239e-07
3.806980e-03 4.386216e-05 1.142094e+01 5.811848e-07
3.851107e-03 4.576245e-05 1.155332e+01 5.857583e-07
3.895746e-03 4.774313e-05 1.168724e+01 5.903439e-07
3.940902e-03 4.980750e-05 1.182270e+01 5.949411e-07
3.986581e-03 5.195898e-05 1.195974e+01 5.995492e-07
4.032790e-03 5.420113e-05 1.209837e+01 6.041677e-07
4.079535e-03 5.653764e-05 1.223860e+01 6.087960e-07
4.126821e-03 5.897234e-05 1.238046e+01 6.134336e-07
4.174655e-03 6.150923e-05 1.252397e+01 6.180796e-07
4.223044e-03 6.415245e-05 1.266913e+01 6.227337e-07
4.271994e-03 6.690629e-05 1.281598e+01 6.273950e-07
4.321511e-03 6.977523e-05 1.296453e+01 6.320629e-07
4.371602e-03 7.276389e-05 1.311481e+01 6.367368e-07
4.422274e-03 7.587710e-05 1.326682e+01 6.414159e-07
4.473533e-03 7.911985e-05 1.342060e+01 6.460996e-07
4.525386e-03 8.249734e-05 1.357616e+01 6.507871e-07
4.577841e-03 8.601494e-05 1.373352e+01 6.554776e-07
4.630903e-03 8.967825e-05 1.389271e+01 6.601705e-07
4.684580e-03 9.349308e-05 1.405374e+01 6.648649e-07
4.738880e-03 9.746543e-05 1.421664e+01 6.695601e-07
4.793808e-03 1.016016e-04 1.438143e+01 6.742552e-07
4.849374e-03 1.059079e-04 1.454812e+01 6.789495e-07
4.905584e-03 1.103913e-04 1.471675e+01 6.836420e-07
4.962445e-03 1.150586e-04 1.488733e+01 6.883321e-07
5.019965e-03 1.199171e-04 1.505990e+01 6.930187e-07
5.078152e-03 1.249742e-04 1.523446e+01 6.977010e-07
5.137014e-03 1.302378e-04 1.541104e+01 7.023782e-07
5.196557e-03 1.357159e-04 1.558967e+01 7.070493e-07
5.256791e-03 1.414169e-04 1.577037e+01 7.117134e-07
5.317723e-03 1.473494e-04 1.595317e+01 7.163695e-07
5.379362e-03 1.535223e-04 1.613808e+01 7.210168e-07
5.441714e-03 1.599451e-04 1.632514e+01 7.256542e-07
5.504790e-03 1.666273e-04 1.651437e+01 7.302807e-07
5.568596e-03 1.735789e-04 1.670579e+01 7.348955e-07
5.633143e-03 1.808102e-04 1.689943e+01 7.394974e-07
5.698437e-03 1.883320e-04 1.709531e+01 7.440854e-07
5.764488e-03 1.961553e-04 1.729346e+01 7.486585e-07
5.831305e-03 2.042917e-04 1.749392e+01 7.532157e-07
5.898896e-03 2.127530e-04 1.769669e+01 7.577558e-07
5.967271e-03 2.215515e-04 1.790181e+01 7.622779e-07
6.036439e-03 2.307000e-04 1.810932e+01 7.667808e-07
6.106408e-03 2.402117e-04 1.831922e+01 7.712634e-07
6.177188e-03 2.501001e-04 1.853156e+01 7.757246e-07
6.248788e-03 2.603796e-04 1.874636e+01 7.801632e-07
6.321218e-03 2.710645e-04 1.896366e+01 7.845782e-07
6.394488e-03 2.821702e-04 1.918347e+01 7.889684e-07
6.468608e-03 2.937121e-04 1.940582e+01 7.933327e-07
6.543586e-03 3.057064e-04 1.963076e+01 7.976697e-07
6.619433e-03 3.181700e-04 1.985830e+01 8.019785e-07
6.696160e-03 3.311200e-04 2.008848e+01 8.062577e-07
6.773776e-03 3.445743e-04 2.032133e+01 8.105062e-07
6.852292e-03 3.585514e-04 2.055687e+01 8.147228e-07
6.931717e-03 3.921421e-04 2.079515e+01 8.607695e-07
7.012064e-03 4.122676e-04 2.103619e+01 8.741935e-07
7.093341e-03 4.326678e-04 2.128002e+01 8.862741e-07
7.175561e-03 4.533582e-04 2.152668e+01 8.970981e-07
7.258734e-03 4.743754e-04 2.177620e+01 9.067875e-07
7.342870e-03 4.957516e-04 2.202861e+01 9.154456e-07
7.427982e-03 5.175140e-04 2.228395e+01 9.231568e-07
7.514081e-03 5.396937e-04 2.254224e+01 9.300059e-07
7.601178e-03 5.623332e-04 2.280353e+01 9.360888e-07
7.689284e-03 5.854693e-04 2.306785e+01 9.414829e-07
7.778411e-03 6.091341e-04 2.333523e+01 9.462507e-07
7.868572e-03 6.333775e-04 2.360571e+01 9.504754e-07
7.959777e-03 6.582438e-04 2.387933e+01 9.542234e-07
8.052040e-03 6.837765e-04 2.415612e+01 9.575521e-07
8.145372e-03 7.100261e-04 2.443612e+01 9.605225e-07
8.239786e-03 7.370472e-04 2.471936e+01 9.631935e-07
8.335294e-03 7.648940e-04 2.500588e+01 9.656160e-07
8.431909e-03 7.936222e-04 2.529573e+01 9.678365e-07
8.529644e-03 8.232961e-04 2.558893e+01 9.699051e-07
8.628513e-03 8.539796e-04 2.588554e+01 9.718643e-07
8.728527e-03 8.857394e-04 2.618558e+01 9.737537e-07
8.829700e-03 9.186478e-04 2.648910e+01 9.756122e-07
8.932046e-03 9.527798e-04 2.679614e+01 9.774750e-07
9.035578e-03 9.882139e-04 2.710674e+01 9.793751e-07
9.140311e-03 1.025034e-03 2.742093e+01 9.813442e-07
9.246257e-03 1.063326e-03 2.773877e+01 9.834099e-07
9.353432e-03 1.103181e-03 2.806029e+01 9.855982e-07
9.461848e-03 1.144698e-03 2.838554e+01 9.879364e-07
9.571522e-03 1.187975e-03 2.871456e+01 9.904452e-07
9.682466e-03 1.233118e-03 2.904740e+01 9.931447e-07
9.794697e-03 1.280235e-03 2.938409e+01 9.960536e-07
9.908228e-03 1.329402e-03 2.972468e+01 9.991580e-07
1.002308e-02 1.380664e-03 3.006923e+01 1.002423e-06
1.013925e-02 1.434072e-03 3.041776e+01 1.005817e-06
1.025678e-02 1.489678e-03 3.077034e+01 1.009312e-06
1.037567e-02 1.547531e-03 3.112700e+01 1.012878e-06
1.049593e-02 1.607682e-03 3.148780e+01 1.016490e-06
1.061759e-02 1.670184e-03 3.185278e+01 1.020122e-06
1.074066e-02 1.735089e-03 3.222198e+01 1.023752e-06
1.086516e-02 1.802453e-03 3.259547e+01 1.027358e-06
1.099110e-02 1.872329e-03 3.297329e+01 1.030920e-06
1.111850e-02 1.944771e-03 3.335549e+01 1.034418e-06
1.124737e-02 2.019837e-03 3.374212e+01 1.037837e-06
1.137774e-02 2.097586e-03 3.413322e+01 1.041160e-06
1.150962e-02 2.178070e-03 3.452887e+01 1.044370e-06
1.164303e-02 2.261350e-03 3.492909e+01 1.047456e-06
1.177799e-02 2.347488e-03 3.533396e+01 1.050403e-06
1.191451e-02 2.436540e-03 3.574352e+01 1.053201e-06
1.205261e-02 2.528572e-03 3.615783e+01 1.055840e-06
1.219231e-02 2.623675e-03 3.657694e+01 1.058322e-06
1.233363e-02 2.721946e-03 3.700090e+01 1.060650e-06
1.247660e-02 2.823476e-03 3.742979e+01 1.062825e-06
1.262121e-02 2.928372e-03 3.786364e+01 1.064851e-06
1.276751e-02 3.036741e-03 3.830252e+01 1.066732e-06
1.291550e-02 3.148686e-03 3.874649e+01 1.068469e-06
1.306520e-02 3.264319e-03 3.919560e+01 1.070065e-06
1.321664e-02 3.383758e-03 3.964993e+01 1.071524e-06
1.336984e-02 3.507120e-03 4.010951e+01 1.072848e-06
1.352481e-02 3.634522e-03 4.057443e+01 1.074039e-06
1.368158e-02 3.766097e-03 4.104473e+01 1.075100e-06
1.384016e-02 3.901974e-03 4.152048e+01 1.076036e-06
1.400058e-02 4.042278e-03 4.200175e+01 1.076846e-06
1.416287e-02 4.187144e-03 4.248860e+01 1.077533e-06
1.432703e-02 4.336712e-03 4.298109e+01 1.078098e-06
1.449310e-02 4.491120e-03 4.347929e+01 1.078542e-06
1.466109e-02 4.650506e-03 4.398326e+01 1.078866e-06
1.483103e-02 4.815028e-03 4.449308e+01 1.079074e-06
1.500293e-02 4.984838e-03 4.500880e+01 1.079167e-06
1.517683e-02 5.160083e-03 4.553050e+01 1.079143e-06
1.535275e-02 5.340935e-03 4.605825e+01 1.079008e-06
1.553071e-02 5.527558e-03 4.659212e+01 1.078762e-06
1.571072e-02 5.720076e-03 4.713217e+01 1.078398e-06
1.589283e-02 5.918613e-03 4.767849e+01 1.077910e-06
1.607704e-02 6.123299e-03 4.823113e+01 1.077290e-06
1.626340e-02 6.334259e-03 4.879019e+01 1.076535e-06
1.645191e-02 6.551604e-03 4.935572e+01 1.075635e-06
1.664260e-02 6.775480e-03 4.992781e+01 1.074589e-06
1.683551e-02 7.006015e-03 5.050652e+01 1.073392e-06
1.703065e-02 7.243322e-03 5.109195e+01 1.072038e-06
1.722805e-02 7.487507e-03 5.168416e+01 1.070519e-06
1.742775e-02 7.738673e-03 5.228324e+01 1.068830e-06
1.762975e-02 7.996904e-03 5.288926e+01 1.066962e-06
1.783410e-02 8.262275e-03 5.350231e+01 1.064908e-06
1.804082e-02 8.534896e-03 5.412246e+01 1.062663e-06
1.824993e-02 8.814854e-03 5.474980e+01 1.060223e-06
1.846147e-02 9.102202e-03 5.538441e+01 1.057581e-06
1.867546e-02 9.397044e-03 5.602638e+01 1.054735e-06
1.889193e-02 9.699466e-03 5.667578e+01 1.051683e-06
1.911091e-02 1.000952e-02 5.733272e+01 1.048421e-06
1.933242e-02 1.032728e-02 5.799727e+01 1.044945e-06
1.955651e-02 1.065284e-02 5.866952e+01 1.041256e-06
1.978319e-02 1.098625e-02 5.934957e+01 1.037353e-06
2.001250e-02 1.132754e-02 6.003749e+01 1.033231e-06
2.024447e-02 1.167680e-02 6.073340e+01 1.028894e-06
2.047912e-02 1.203409e-02 6.143736e+01 1.024343e-06
2.071650e-02 1.239948e-02 6.214949e+01 1.019578e-06
2.095662e-02 1.277309e-02 6.286987e+01 1.014608e-06
2.119953e-02 1.315506e-02 6.359860e+01 1.009439e-06
2.144526e-02 1.354549e-02 6.433578e+01 1.004077e-06
2.169384e-02 1.394445e-02 6.508151e+01 9.985238e-07
2.194529e-02 1.435212e-02 6.583587e+01 9.927917e-07
2.219966e-02 1.476877e-02 6.659898e+01 9.868957e-07
2.245698e-02 1.519468e-02 6.737094e+01 9.808519e-07
2.271728e-02 1.563023e-02 6.815184e+01 9.746803e-07
2.298060e-02 1.607578e-02 6.894180e+01 9.683984e-07
2.324697e-02 1.653169e-02 6.974091e+01 9.620201e-07
2.351643e-02 1.699814e-02 7.054929e+01 9.555498e-07
2.378901e-02 1.747529e-02 7.136703e+01 9.489891e-07
2.406475e-02 1.796324e-02 7.219425e+01 9.423378e-07
2.434369e-02 1.846206e-02 7.303107e+01 9.355932e-07
2.462586e-02 1.897190e-02 7.387758e+01 9.287582e-07
2.491130e-02 1.949286e-02 7.473390e+01 9.218334e-07
2.520005e-02 2.002501e-02 7.560015e+01 9.148178e-07
2.549215e-02 2.056844e-02 7.647644e+01 9.077121e-07
2.578763e-02 2.112321e-02 7.736289e+01 9.005163e-07
2.608654e-02 2.168923e-02 7.825961e+01 8.932248e-07
2.638891e-02 2.226632e-02 7.916672e+01 8.858297e-07
2.669478e-02 2.285444e-02 8.008435e+01 8.783293e-07
2.700421e-02 2.345345e-02 8.101262e+01 8.707197e-07
2.731722e-02 2.406309e-02 8.195165e+01 8.629946e-07
2.763385e-02 2.468322e-02 8.290156e+01 8.551525e-07
2.795416e-02 2.531380e-02 8.386248e+01 8.471962e-07
2.827818e-02 2.595483e-02 8.483454e+01 8.391312e-07
2.860596e-02 2.660632e-02 8.581787e+01 8.309626e-07
2.893753e-02 2.726842e-02 8.681259e+01 8.227001e-07
2.927295e-02 2.794135e-02 8.781885e+01 8.143552e-07
2.961225e-02 2.862532e-02 8.883676e+01 8.059384e-07
2.995549e-02 2.932075e-02 8.986648e+01 7.974650e-07
3.030271e-02 3.002800e-02 9.090813e+01 7.889473e-07
3.065395e-02 3.074737e-02 9.196186e+01 7.803951e-07
3.100927e-02 3.147920e-02 9.302780e+01 7.718184e-07
3.136870e-02 3.222385e-02 9.410609e+01 7.632273e-07
3.173230e-02 3.298168e-02 9.519689e+01 7.546302e-07
3.210011e-02 3.375298e-02 9.630033e+01 7.460339e-07
3.247218e-02 3.453836e-02 9.741655e+01 7.374510e-07
3.284857e-02 3.533841e-02 9.854572e+01 7.288924e-07
3.322933e-02 3.615369e-02 9.968798e+01 7.203674e-07
3.361449e-02 3.698486e-02 1.008435e+02 7.118859e-07
3.400412e-02 3.783258e-02 1.020124e+02 7.034566e-07
3.439826e-02 3.869722e-02 1.031948e+02 6.950822e-07
3.479698e-02 3.957908e-02 1.043909e+02 6.867632e-07
3.520031e-02 4.047849e-02 1.056009e+02 6.785012e-07
3.560833e-02 4.139598e-02 1.068250e+02 6.703005e-07
3.602107e-02 4.233242e-02 1.080632e+02 6.621699e-07
3.643859e-02 4.328881e-02 1.093158e+02 6.541193e-07
3.686095e-02 4.426616e-02 1.105829e+02 6.461571e-07
3.728821e-02 4.526553e-02 1.118646e+02 6.382912e-07
3.772042e-02 4.628807e-02 1.131613e+02 6.305294e-07
3.815765e-02 4.733507e-02 1.144729e+02 6.228798e-07
3.859994e-02 4.840786e-02 1.157998e+02 6.153499e-07
3.904735e-02 4.950796e-02 1.171421e+02 6.079477e-07
3.949995e-02 5.063681e-02 1.184999e+02 6.006791e-07
3.995780e-02 5.179589e-02 1.198734e+02 5.935489e-07
4.042096e-02 5.298669e-02 1.212629e+02 5.865607e-07
4.088948e-02 5.421067e-02 1.226684e+02 5.797169e-07
4.136344e-02 5.546933e-02 1.240903e+02 5.730190e-07
4.184289e-02 5.676429e-02 1.255287e+02 5.664692e-07
4.232789e-02 5.809737e-02 1.269837e+02 5.600704e-07
4.281852e-02 5.946995e-02 1.284556e+02 5.538200e-07
4.331483e-02 6.088296e-02 1.299445e+02 5.477115e-07
4.381690e-02 6.233737e-02 1.314507e+02 5.417383e-07
4.432479e-02 6.383397e-02 1.329744e+02 5.358928e-07
4.483856e-02 6.537382e-02 1.345157e+02 5.301697e-07
4.535829e-02 6.695836e-02 1.360749e+02 5.245668e-07
4.588404e-02 6.858908e-02 1.376521e+02 5.190820e-07
4.641589e-02 7.026718e-02 1.392477e+02 5.137105e-07
4.695390e-02 7.199353e-02 1.408617e+02 5.084455e-07
4.749815e-02 7.376937e-02 1.424944e+02 5.032828e-07
4.804870e-02 7.559625e-02 1.441461e+02 4.982200e-07
4.860564e-02 7.747587e-02 1.458169e+02 4.932560e-07
4.916904e-02 7.941019e-02 1.475071e+02 4.883904e-07
4.973896e-02 8.140162e-02 1.492169e+02 4.836252e-07
5.031549e-02 8.345274e-02 1.509465e+02 4.789624e-07
5.089870e-02 8.556634e-02 1.526961e+02 4.744045e-07
5.148867e-02 8.774539e-02 1.544660e+02 4.699538e-07
5.208549e-02 8.999243e-02 1.562565e+02 4.656095e-07
5.268921e-02 9.231028e-02 1.580676e+02 4.613716e-07
5.329994e-02 9.470205e-02 1.598998e+02 4.572410e-07
5.391775e-02 9.717056e-02 1.617532e+02 4.532163e-07
5.454271e-02 9.971861e-02 1.636281e+02 4.492954e-07
5.517492e-02 1.023487e-01 1.655248e+02 4.454748e-07
5.581446e-02 1.050633e-01 1.674434e+02 4.417503e-07
5.646141e-02 1.078642e-01 1.693842e+02 4.381148e-07
5.711586e-02 1.107516e-01 1.713476e+02 4.345560e-07
5.777790e-02 1.137254e-01 1.733337e+02 4.310605e-07
5.844761e-02 1.167847e-01 1.753428e+02 4.276138e-07
5.912508e-02 1.199287e-01 1.773753e+02 4.242032e-07
5.981041e-02 1.231559e-01 1.794312e+02 4.208148e-07
6.050368e-02 1.264620e-01 1.815110e+02 4.174273e-07
6.120498e-02 1.298414e-01 1.836150e+02 4.140178e-07
6.191442e-02 1.332889e-01 1.857433e+02 4.105675e-07
6.263207e-02 1.367998e-01 1.878962e+02 4.070626e-07
6.335805e-02 1.403703e-01 1.900741e+02 4.034928e-07
6.409244e-02 1.439919e-01 1.922773e+02 3.998375e-07
6.483534e-02 1.476529e-01 1.945060e+02 3.960705e-07
6.558686e-02 1.513431e-01 1.967606e+02 3.921735e-07
6.634708e-02 1.550551e-01 1.990412e+02 3.881383e-07
6.711612e-02 1.587809e-01 2.013484e+02 3.839581e-07
6.789407e-02 1.625142e-01 2.036822e+02 3.796311e-07
6.868104e-02 1.662499e-01 2.060431e+02 3.751602e-07
6.947713e-02 1.699727e-01 2.084314e+02 3.705268e-07
7.028244e-02 1.736633e-01 2.108473e+02 3.657071e-07
7.109709e-02 1.773189e-01 2.132913e+02 3.607160e-07
7.192119e-02 1.809420e-01 2.157636e+02 3.555780e-07
7.275484e-02 1.845321e-01 2.182645e+02 3.503098e-07
7.359814e-02 1.880859e-01 2.207944e+02 3.449225e-07
7.445123e-02 1.915937e-01 2.233537e+02 3.394154e-07
7.531420e-02 1.950363e-01 2.259426e+02 3.337727e-07
7.618718e-02 1.984193e-01 2.285615e+02 3.280230e-07
7.707027e-02 2.017623e-01 2.312108e+02 3.222146e-07
7.796360e-02 2.050701e-01 2.338908e+02 3.163681e-07
7.886729e-02 2.083380e-01 2.366019e+02 3.104872e-07
7.978145e-02 2.115690e-01 2.393443e+02 3.045877e-07
8.070620e-02 2.147748e-01 2.421186e+02 2.986954e-07
8.164168e-02 2.179646e-01 2.449250e+02 2.928304e-07
8.258799e-02 2.211473e-01 2.477640e+02 2.870100e-07
8.354528e-02 2.243375e-01 2.506358e+02 2.812562e-07
8.451366e-02 2.275486e-01 2.535410e+02 2.755874e-07
8.549327e-02 2.307920e-01 2.564798e+02 2.700169e-07
8.648423e-02 2.340821e-01 2.594527e+02 2.645595e-07
8.748668e-02 2.374374e-01 2.624600e+02 2.592324e-07
8.850075e-02 2.408759e-01 2.655022e+02 2.540496e-07
8.952657e-02 2.444151e-01 2.685797e+02 2.490223e-07
9.056428e-02 2.480709e-01 2.716929e+02 2.441580e-07
9.161402e-02 2.518598e-01 2.748421e+02 2.394633e-07
9.267593e-02 2.558002e-01 2.780278e+02 2.349448e-07
9.375015e-02 2.599085e-01 2.812505e+02 2.306059e-07
9.483682e-02 2.642032e-01 2.845105e+02 2.264504e-07
9.593608e-02 2.687049e-01 2.878082e+02 2.224824e-07
9.704809e-02 2.734300e-01 2.911443e+02 2.187012e-07
9.817298e-02 2.783886e-01 2.945190e+02 2.151005e-07
9.931092e-02 2.836020e-01 2.979328e+02 2.116822e-07
1.004620e-01 2.890832e-01 3.013861e+02 2.084409e-07
1.016265e-01 2.948206e-01 3.048795e+02 2.053538e-07
1.028045e-01 3.008586e-01 3.084134e+02 2.024381e-07
1.039961e-01 3.072072e-01 3.119883e+02 1.996854e-07
1.052015e-01 3.138248e-01 3.156046e+02 1.970549e-07
1.064209e-01 3.207472e-01 3.192628e+02 1.945574e-07
1.076545e-01 3.279769e-01 3.229634e+02 1.921822e-07
1.089023e-01 3.354932e-01 3.267069e+02 1.899060e-07
1.101646e-01 3.432802e-01 3.304938e+02 1.877105e-07
1.114415e-01 3.513348e-01 3.343246e+02 1.855863e-07
1.127333e-01 3.596382e-01 3.381998e+02 1.835167e-07
1.140400e-01 3.681565e-01 3.421199e+02 1.814794e-07
1.153618e-01 3.768725e-01 3.460854e+02 1.794627e-07
1.166990e-01 3.857358e-01 3.500969e+02 1.774413e-07
1.180517e-01 3.947254e-01 3.541550e+02 1.754062e-07
1.194200e-01 4.038124e-01 3.582600e+02 1.733462e-07
1.208042e-01 4.129164e-01 3.624126e+02 1.712308e-07
1.222045e-01 4.220308e-01 3.666134e+02 1.690631e-07
1.236210e-01 4.311094e-01 3.708629e+02 1.668312e-07
1.250539e-01 4.400853e-01 3.751616e+02 1.645173e-07
1.265034e-01 4.489446e-01 3.795101e+02 1.621259e-07
1.279697e-01 4.576620e-01 3.839091e+02 1.596576e-07
1.294530e-01 4.662161e-01 3.883590e+02 1.571147e-07
1.309535e-01 4.745431e-01 3.928605e+02 1.544864e-07
1.324714e-01 4.826768e-01 3.974142e+02 1.517945e-07
1.340069e-01 4.906442e-01 4.020207e+02 1.490566e-07
1.355602e-01 4.984418e-01 4.066805e+02 1.462797e-07
1.371315e-01 5.060934e-01 4.113944e+02 1.434780e-07
1.387210e-01 5.136544e-01 4.161629e+02 1.406729e-07
1.403289e-01 5.211779e-01 4.209867e+02 1.378829e-07
1.419555e-01 5.287240e-01 4.258664e+02 1.351259e-07
1.436009e-01 5.363668e-01 4.308027e+02 1.324209e-07
1.452654e-01 5.441819e-01 4.357962e+02 1.297847e-07
1.469492e-01 5.522474e-01 4.408475e+02 1.272325e-07
1.486525e-01 5.606385e-01 4.459575e+02 1.247764e-07
1.503755e-01 5.694143e-01 4.511266e+02 1.224229e-07
1.521186e-01 5.787147e-01 4.563557e+02 1.201943e-07
1.538818e-01 5.885318e-01 4.616453e+02 1.180795e-07
1.556654e-01 5.989311e-01 4.669963e+02 1.160824e-07
1.574698e-01 6.099042e-01 4.724093e+02 1.141921e-07
1.592950e-01 6.215599e-01 4.778851e+02 1.124197e-07
1.611414e-01 6.338411e-01 4.834243e+02 1.107452e-07
1.630092e-01 6.467070e-01 4.890277e+02 1.091533e-07
1.648987e-01 6.601483e-01 4.946961e+02 1.076356e-07
1.668101e-01 6.741386e-01 5.004302e+02 1.061814e-07
1.687436e-01 6.885655e-01 5.062307e+02 1.047682e-07
1.706995e-01 7.033860e-01 5.120985e+02 1.033863e-07
1.726781e-01 7.185203e-01 5.180343e+02 1.020219e-07
1.746796e-01 7.338743e-01 5.240389e+02 1.006609e-07
1.767044e-01 7.493674e-01 5.301131e+02 9.929309e-08
1.787526e-01 7.649555e-01 5.362577e+02 9.791414e-08
1.808245e-01 7.805367e-01 5.424735e+02 9.651338e-08
1.829205e-01 7.961076e-01 5.487614e+02 9.509353e-08
1.850407e-01 8.116247e-01 5.551221e+02 9.365251e-08
1.871855e-01 8.270653e-01 5.615566e+02 9.219109e-08
1.893552e-01 8.424567e-01 5.680657e+02 9.071554e-08
1.915501e-01 8.578365e-01 5.746502e+02 8.923262e-08
1.937703e-01 8.732088e-01 5.813110e+02 8.774496e-08
1.960163e-01 8.886914e-01 5.880490e+02 8.626608e-08
1.982884e-01 9.043225e-01 5.948652e+02 8.480030e-08
2.005868e-01 9.202008e-01 6.017603e+02 8.335692e-08
2.029118e-01 9.364139e-01 6.087354e+02 8.194301e-08
2.052638e-01 9.530367e-01 6.157913e+02 8.056356e-08
2.076430e-01 9.701799e-01 6.229290e+02 7.922574e-08
2.100498e-01 9.878615e-01 6.301495e+02 7.792827e-08
2.124845e-01 1.006223e+00 6.374536e+02 7.667931e-08
2.149475e-01 1.025221e+00 6.448424e+02 7.547208e-08
2.174389e-01 1.044936e+00 6.523168e+02 7.430937e-08
2.199593e-01 1.065360e+00 6.598779e+02 7.318723e-08
2.225089e-01 1.086445e+00 6.675266e+02 7.209940e-08
2.250880e-01 1.108204e+00 6.752640e+02 7.104423e-08
2.276970e-01 1.130546e+00 6.830911e+02 7.001356e-08
2.303363e-01 1.153424e+00 6.910089e+02 6.900300e-08
2.330061e-01 1.176768e+00 6.990184e+02 6.800716e-08
2.357069e-01 1.200518e+00 7.071208e+02 6.702203e-08
2.384390e-01 1.224628e+00 7.153171e+02 6.604473e-08
2.412028e-01 1.249050e+00 7.236085e+02 6.507268e-08
2.439986e-01 1.273775e+00 7.319959e+02 6.410567e-08
2.468268e-01 1.298823e+00 7.404805e+02 6.314499e-08
2.496878e-01 1.324229e+00 7.490635e+02 6.219235e-08
2.525820e-01 1.350042e+00 7.577460e+02 6.124997e-08
2.555097e-01 1.376323e+00 7.665291e+02 6.032039e-08
2.584714e-01 1.403154e+00 7.754141e+02 5.940654e-08
2.614673e-01 1.430605e+00 7.844020e+02 5.851044e-08
2.644980e-01 1.458740e+00 7.934941e+02 5.763372e-08
2.675638e-01 1.487609e+00 8.026915e+02 5.677702e-08
2.706652e-01 1.517250e+00 8.119956e+02 5.594044e-08
2.738025e-01 1.547681e+00 8.214076e+02 5.512328e-08
2.769762e-01 1.578908e+00 8.309286e+02 5.432446e-08
2.801867e-01 1.610924e+00 8.405600e+02 5.354249e-08
2.834343e-01 1.643710e+00 8.503030e+02 5.277569e-08
2.867196e-01 1.677247e+00 8.601589e+02 5.202243e-08
2.900430e-01 1.711517e+00 8.701291e+02 5.128138e-08
2.934050e-01 1.746505e+00 8.802149e+02 5.055141e-08
2.968059e-01 1.782207e+00 8.904176e+02 4.983182e-08
3.002462e-01 1.818632e+00 9.007385e+02 4.912226e-08
3.037264e-01 1.855799e+00 9.111791e+02 4.842274e-08
3.072469e-01 1.893747e+00 9.217407e+02 4.773375e-08
3.108082e-01 1.932525e+00 9.324247e+02 4.705584e-08
3.144108e-01 1.972189e+00 9.432325e+02 4.638974e-08
3.180552e-01 2.012805e+00 9.541656e+02 4.573620e-08
3.217418e-01 2.054449e+00 9.652254e+02 4.509607e-08
3.254712e-01 2.097181e+00 9.764135e+02 4.446971e-08
3.292437e-01 2.141068e+00 9.877312e+02 4.385749e-08
3.330600e-01 2.186187e+00 9.991801e+02 4.325992e-08
3.369206e-01 2.232557e+00 1.010762e+03 4.267622e-08
3.408259e-01 2.280260e+00 1.022478e+03 4.210686e-08
3.447764e-01 2.329296e+00 1.034329e+03 4.155067e-08
3.487727e-01 2.379692e+00 1.046318e+03 4.100710e-08
3.528154e-01 2.431467e+00 1.058446e+03 4.047546e-08
3.569049e-01 2.484611e+00 1.070715e+03 3.995460e-08
3.610419e-01 2.539125e+00 1.083126e+03 3.944368e-08
3.652267e-01 2.594998e+00 1.095680e+03 3.894174e-08
3.694601e-01 2.652220e+00 1.108380e+03 3.844792e-08
3.737426e-01 2.710778e+00 1.121228e+03 3.796140e-08
3.780747e-01 2.770668e+00 1.134224e+03 3.748157e-08
3.824570e-01 2.831891e+00 1.147371e+03 3.700792e-08
3.868901e-01 2.894437e+00 1.160670e+03 3.653989e-08
3.913746e-01 2.958331e+00 1.174124e+03 3.607737e-08
3.959110e-01 3.023594e+00 1.187733e+03 3.562022e-08
4.005001e-01 3.090251e+00 1.201500e+03 3.516835e-08
4.051423e-01 3.158341e+00 1.215427e+03 3.472180e-08
4.098384e-01 3.227912e+00 1.229515e+03 3.428071e-08
4.145888e-01 3.299018e+00 1.243767e+03 3.384526e-08
4.193944e-01 3.371724e+00 1.258183e+03 3.341567e-08
4.242556e-01 3.446094e+00 1.272767e+03 3.299212e-08
4.291732e-01 3.522201e+00 1.287520e+03 3.257484e-08
4.341478e-01 3.600120e+00 1.302443e+03 3.216400e-08
4.391801e-01 3.679927e+00 1.317540e+03 3.175976e-08
4.442707e-01 3.761698e+00 1.332812e+03 3.136223e-08
4.494203e-01 3.845513e+00 1.348261e+03 3.097150e-08
4.546295e-01 3.931451e+00 1.363889e+03 3.058763e-08
4.598992e-01 4.019580e+00 1.379698e+03 3.021055e-08
4.652300e-01 4.109981e+00 1.395690e+03 2.984027e-08
4.706225e-01 4.202723e+00 1.411867e+03 2.947669e-08
4.760775e-01 4.297867e+00 1.428233e+03 2.911963e-08
4.815958e-01 4.395493e+00 1.444787e+03 2.876905e-08
4.871780e-01 4.495656e+00 1.461534e+03 2.842471e-08
4.928250e-01 4.598424e+00 1.478475e+03 2.808645e-08
4.985373e-01 4.703852e+00 1.495612e+03 2.775406e-08
5.043159e-01 4.812007e+00 1.512948e+03 2.742737e-08
5.101615e-01 4.922949e+00 1.530485e+03 2.710617e-08
5.160749e-01 5.036730e+00 1.548225e+03 2.679023e-08
5.220568e-01 5.153418e+00 1.566170e+03 2.647940e-08
5.281080e-01 5.273072e+00 1.584324e+03 2.617348e-08
5.342293e-01 5.395754e+00 1.602688e+03 2.587229e-08
5.404216e-01 5.521528e+00 1.621265e+03 2.557567e-08
5.466857e-01 5.650465e+00 1.640057e+03 2.528349e-08
5.530224e-01 5.782629e+00 1.659067e+03 2.499557e-08
5.594326e-01 5.918093e+00 1.678298e+03 2.471181e-08
5.659170e-01 6.056933e+00 1.697751e+03 2.443208e-08
5.724766e-01 6.199225e+00 1.717430e+03 2.415628e-08
5.791123e-01 6.345050e+00 1.737337e+03 2.388431e-08
5.858248e-01 6.494494e+00 1.757474e+03 2.361609e-08
5.926152e-01 6.647643e+00 1.777846e+03 2.335153e-08
5.994843e-01 6.804587e+00 1.798453e+03 2.309056e-08
6.064329e-01 6.965419e+00 1.819299e+03 2.283310e-08
6.134622e-01 7.130230e+00 1.840387e+03 2.257907e-08
6.205729e-01 7.299125e+00 1.861719e+03 2.232844e-08
6.277660e-01 7.472201e+00 1.883298e+03 2.208112e-08
6.350425e-01 7.649563e+00 1.905128e+03 2.183706e-08
6.424034e-01 7.831319e+00 1.927210e+03 2.159621e-08
6.498495e-01 8.017575e+00 1.949549e+03 2.135849e-08
6.573820e-01 8.208434e+00 1.972146e+03 2.112384e-08
6.650018e-01 8.404010e+00 1.995005e+03 2.089219e-08
6.727099e-01 8.604417e+00 2.018130e+03 2.066350e-08
6.805074e-01 8.809767e+00 2.041522e+03 2.043770e-08
6.883952e-01 9.020181e+00 2.065186e+03 2.021472e-08
6.963745e-01 9.235770e+00 2.089123e+03 1.999450e-08
7.044462e-01 9.456652e+00 2.113339e+03 1.977697e-08
7.126115e-01 9.682943e+00 2.137835e+03 1.956207e-08
7.208715e-01 9.914755e+00 2.162615e+03 1.934971e-08
7.292272e-01 1.015221e+01 2.187682e+03 1.913983e-08
7.376798e-01 1.039544e+01 2.213039e+03 1.893238e-08
7.462303e-01 1.064456e+01 2.238691e+03 1.872730e-08
7.548799e-01 1.089970e+01 2.264640e+03 1.852452e-08
7.636298e-01 1.116097e+01 2.290889e+03 1.832395e-08
7.724811e-01 1.142849e+01 2.317443e+03 1.812555e-08
7.814351e-01 1.170238e+01 2.344305e+03 1.792923e-08
7.904928e-01 1.198278e+01 2.371478e+03 1.773495e-08
7.996555e-01 1.226981e+01 2.398966e+03 1.754265e-08
8.089243e-01 1.256361e+01 2.426773e+03 1.735228e-08
8.183007e-01 1.286429e+01 2.454902e+03 1.716378e-08
8.277857e-01 1.317198e+01 2.483357e+03 1.697709e-08
8.373807e-01 1.348680e+01 2.512142e+03 1.679214e-08
8.470868e-01 1.380889e+01 2.541260e+03 1.660890e-08
8.569055e-01 1.413838e+01 2.570717e+03 1.642732e-08
8.668380e-01 1.447540e+01 2.600514e+03 1.624736e-08
8.768856e-01 1.482011e+01 2.630657e+03 1.606899e-08
8.870497e-01 1.517262e+01 2.661149e+03 1.589215e-08
8.973316e-01 1.553307e+01 2.691995e+03 1.571681e-08
9.077327e-01 1.590157e+01 2.723198e+03 1.554290e-08
9.182543e-01 1.627828e+01 2.754763e+03 1.537041e-08
9.288979e-01 1.666335e+01 2.786694e+03 1.519932e-08
9.396648e-01 1.705691e+01 2.818994e+03 1.502960e-08
9.505566e-01 1.745912e+01 2.851670e+03 1.486122e-08
9.615746e-01 1.787012e+01 2.884724e+03 1.469415e-08
9.727203e-01 1.829004e+01 2.918161e+03 1.452837e-08
9.839952e-01 1.871898e+01 2.951986e+03 1.436380e-08
9.954008e-01 1.915715e+01 2.986202e+03 1.420047e-08
1.006939e+00 1.960468e+01 3.020816e+03 1.403837e-08
1.018610e+00 2.006173e+01 3.055831e+03 1.387747e-08
1.030417e+00 2.052845e+01 3.091251e+03 1.371775e-08
1.042361e+00 2.100498e+01 3.127082e+03 1.355920e-08
1.054443e+00 2.149146e+01 3.163328e+03 1.340179e-08
1.066665e+00 2.198800e+01 3.199995e+03 1.324548e-08
1.079029e+00 2.249482e+01 3.237086e+03 1.309030e-08
1.091536e+00 2.301205e+01 3.274608e+03 1.293622e-08
1.104188e+00 2.353986e+01 3.312564e+03 1.278324e-08
1.116987e+00 2.407840e+01 3.350960e+03 1.263134e-08
1.129934e+00 2.462779e+01 3.389802e+03 1.248051e-08
1.143031e+00 2.518818e+01 3.429093e+03 1.233072e-08
1.156280e+00 2.575971e+01 3.468840e+03 1.218198e-08
1.169683e+00 2.634255e+01 3.509048e+03 1.203427e-08
1.183241e+00 2.693686e+01 3.549722e+03 1.188759e-08
1.196956e+00 2.754280e+01 3.590867e+03 1.174194e-08
1.210830e+00 2.816050e+01 3.632489e+03 1.159731e-08
1.224865e+00 2.879011e+01 3.674594e+03 1.145368e-08
1.239062e+00 2.943173e+01 3.717186e+03 1.131104e-08
1.253424e+00 3.008549e+01 3.760273e+03 1.116937e-08
1.267953e+00 3.075159e+01 3.803859e+03 1.102870e-08
1.282650e+00 3.143016e+01 3.847949e+03 1.088901e-08
1.297517e+00 3.212133e+01 3.892552e+03 1.075029e-08
1.312557e+00 3.282526e+01 3.937671e+03 1.061255e-08
1.327771e+00 3.354202e+01 3.983312e+03 1.047577e-08
1.343161e+00 3.427173e+01 4.029484e+03 1.033993e-08
1.358730e+00 3.501449e+01 4.076190e+03 1.020503e-08
1.374479e+00 3.577049e+01 4.123437e+03 1.007109e-08
1.390411e+00 3.653985e+01 4.171233e+03 9.938098e-09
1.406527e+00 3.732269e+01 4.219582e+03 9.806057e-09
1.422830e+00 3.811910e+01 4.268491e+03 9.674959e-09
1.439323e+00 3.892919e+01 4.317968e+03 9.544801e-09
1.456006e+00 3.975298e+01 4.368018e+03 9.415560e-09
1.472883e+00 4.059060e+01 4.418648e+03 9.287247e-09
1.489955e+00 4.144222e+01 4.469865e+03 9.159873e-09
1.507225e+00 4.230795e+01 4.521676e+03 9.033444e-09
1.524696e+00 4.318785e+01 4.574087e+03 8.907954e-09
1.542369e+00 4.408203e+01 4.627106e+03 8.783408e-09
1.560246e+00 4.499052e+01 4.680739e+03 8.659791e-09
1.578331e+00 4.591333e+01 4.734994e+03 8.537096e-09
1.596626e+00 4.685065e+01 4.789878e+03 8.415346e-09
1.615133e+00 4.780254e+01 4.845398e+03 8.294540e-09
1.633854e+00 4.876913e+01 4.901562e+03 8.174692e-09
1.652792e+00 4.975046e+01 4.958376e+03 8.055795e-09
1.671950e+00 5.074666e+01 5.015849e+03 7.937867e-09
1.691330e+00 5.175766e+01 5.073989e+03 7.820885e-09
1.710934e+00 5.278356e+01 5.132802e+03 7.704863e-09
1.730766e+00 5.382446e+01 5.192297e+03 7.589811e-09
1.750827e+00 5.488050e+01 5.252481e+03 7.475742e-09
1.771121e+00 5.595173e+01 5.313363e+03 7.362660e-09
1.791650e+00 5.703824e+01 5.374951e+03 7.250573e-09
1.812418e+00 5.814014e+01 5.437253e+03 7.139491e-09
1.833425e+00 5.925736e+01 5.500276e+03 7.029403e-09
1.854677e+00 6.038990e+01 5.564031e+03 6.920308e-09
1.876175e+00 6.153810e+01 5.628524e+03 6.812245e-09
1.897922e+00 6.270198e+01 5.693765e+03 6.705210e-09
1.919921e+00 6.388162e+01 5.759762e+03 6.599211e-09
1.942175e+00 6.507711e+01 5.826524e+03 6.494255e-09
1.964687e+00 6.628862e+01 5.894060e+03 6.390356e-09
1.987460e+00 6.751599e+01 5.962379e+03 6.287496e-09
2.010496e+00 6.875944e+01 6.031489e+03 6.185693e-09
2.033800e+00 7.001918e+01 6.101401e+03 6.084965e-09
2.057374e+00 7.129531e+01 6.172123e+03 5.985315e-09
2.081222e+00 7.258793e+01 6.243665e+03 5.886748e-09
2.105345e+00 7.389720e+01 6.316036e+03 5.789272e-09
2.129749e+00 7.522314e+01 6.389246e+03 5.692886e-09
2.154435e+00 7.656582e+01 6.463304e+03 5.597588e-09
2.179407e+00 7.792542e+01 6.538221e+03 5.503388e-09
2.204669e+00 7.930216e+01 6.614006e+03 5.410295e-09
2.230223e+00 8.069616e+01 6.690670e+03 5.318312e-09
2.256074e+00 8.210755e+01 6.768222e+03 5.227439e-09
2.282224e+00 8.353650e+01 6.846673e+03 5.137682e-09
2.308678e+00 8.498314e+01 6.926034e+03 5.049038e-09
2.335438e+00 8.644736e+01 7.006314e+03 4.961496e-09
2.362508e+00 8.792950e+01 7.087525e+03 4.875065e-09
2.389893e+00 8.942976e+01 7.169678e+03 4.789751e-09
2.417594e+00 9.094825e+01 7.252782e+03 4.705548e-09
2.445617e+00 9.248512e+01 7.336850e+03 4.622455e-09
2.473964e+00 9.404046e+01 7.421892e+03 4.540467e-09
2.502640e+00 9.561445e+01 7.507920e+03 4.459584e-09
2.531648e+00 9.720693e+01 7.594945e+03 4.379787e-09
2.560993e+00 9.881833e+01 7.682979e+03 4.301087e-09
2.590678e+00 1.004487e+02 7.772034e+03 4.223478e-09
2.620707e+00 1.020983e+02 7.862120e+03 4.146952e-09
2.651084e+00 1.037670e+02 7.953251e+03 4.071505e-09
2.681813e+00 1.054551e+02 8.045438e+03 3.997130e-09
2.712898e+00 1.071626e+02 8.138693e+03 3.923818e-09
2.744343e+00 1.088894e+02 8.233030e+03 3.851557e-09
2.776153e+00 1.106359e+02 8.328460e+03 3.780348e-09
2.808332e+00 1.124022e+02 8.424996e+03 3.710184e-09
2.840884e+00 1.141883e+02 8.522651e+03 3.641055e-09
2.873813e+00 1.159944e+02 8.621438e+03 3.572954e-09
2.907123e+00 1.178205e+02 8.721370e+03 3.505875e-09
2.940820e+00 1.196667e+02 8.822461e+03 3.439806e-09
2.974908e+00 1.215330e+02 8.924723e+03 3.374736e-09
3.009390e+00 1.234198e+02 9.028170e+03 3.310667e-09
3.044272e+00 1.253272e+02 9.132817e+03 3.247587e-09
3.079559e+00 1.272552e+02 9.238676e+03 3.185488e-09
3.115254e+00 1.292040e+02 9.345763e+03 3.124364e-09
3.151363e+00 1.311740e+02 9.454090e+03 3.064208e-09
3.187891e+00 1.331651e+02 9.563674e+03 3.005009e-09
3.224842e+00 1.351776e+02 9.674527e+03 2.946762e-09
3.262222e+00 1.372118e+02 9.786666e+03 2.889462e-09
3.300035e+00 1.392681e+02 9.900104e+03 2.833102e-09
3.338286e+00 1.413468e+02 1.001486e+04 2.777675e-09
3.376980e+00 1.434482e+02 1.013094e+04 2.723175e-09
3.416123e+00 1.455728e+02 1.024837e+04 2.669596e-09
3.455720e+00 1.476227e+02 1.036716e+04 2.615191e-09
3.495776e+00 1.496874e+02 1.048733e+04 2.561655e-09
3.536296e+00 1.517670e+02 1.060889e+04 2.508982e-09
3.577285e+00 1.538611e+02 1.073186e+04 2.457165e-09
3.618750e+00 1.559699e+02 1.085625e+04 2.406196e-09
3.660695e+00 1.580931e+02 1.098209e+04 2.356070e-09
3.703127e+00 1.602307e+02 1.110938e+04 2.306779e-09
3.746050e+00 1.623825e+02 1.123815e+04 2.258315e-09
3.789471e+00 1.645485e+02 1.136841e+04 2.210671e-09
3.833395e+00 1.667285e+02 1.150019e+04 2.163840e-09
3.877828e+00 1.689225e+02 1.163349e+04 2.117814e-09
3.922777e+00 1.711304e+02 1.176833e+04 2.072585e-09
3.968246e+00 1.733520e+02 1.190474e+04 2.028145e-09
4.014242e+00 1.755873e+02 1.204273e+04 1.984486e-09
4.060772e+00 1.778361e+02 1.218232e+04 1.941601e-09
4.107841e+00 1.800983e+02 1.232352e+04 1.899480e-09
4.155455e+00 1.823739e+02 1.246637e+04 1.858116e-09
4.203622e+00 1.846628e+02 1.261087e+04 1.817500e-09
4.252346e+00 1.869648e+02 1.275704e+04 1.777624e-09
4.301636e+00 1.892799e+02 1.290491e+04 1.738480e-09
4.351497e+00 1.916080e+02 1.305449e+04 1.700057e-09
4.401935e+00 1.939489e+02 1.320581e+04 1.662349e-09
4.452959e+00 1.963026e+02 1.335888e+04 1.625347e-09
4.504573e+00 1.986690e+02 1.351372e+04 1.589041e-09
4.556786e+00 2.010480e+02 1.367036e+04 1.553423e-09
4.609604e+00 2.034395e+02 1.382881e+04 1.518484e-09
4.663035e+00 2.058434e+02 1.398910e+04 1.484215e-09
4.717085e+00 2.082597e+02 1.415125e+04 1.450608e-09
4.771761e+00 2.106882e+02 1.431528e+04 1.417654e-09
4.827071e+00 2.131289e+02 1.448121e+04 1.385343e-09
4.883022e+00 2.155817e+02 1.464907e+04 1.353667e-09
4.939622e+00 2.180465e+02 1.481887e+04 1.322617e-09
4.996877e+00 2.205233e+02 1.499063e+04 1.292184e-09
5.054797e+00 2.230119e+02 1.516439e+04 1.262359e-09
5.113388e+00 2.255124e+02 1.534016e+04 1.233134e-09
5.172657e+00 2.280246e+02 1.551797e+04 1.204499e-09
5.232614e+00 2.305484e+02 1.569784e+04 1.176446e-09
5.293266e+00 2.330839e+02 1.587980e+04 1.148966e-09
5.354621e+00 2.356309e+02 1.606386e+04 1.122049e-09
5.416687e+00 2.381893e+02 1.625006e+04 1.095689e-09
5.479472e+00 2.407593e+02 1.643842e+04 1.069874e-09
5.542986e+00 2.433405e+02 1.662896e+04 1.044598e-09
5.607235e+00 2.459331e+02 1.682170e+04 1.019851e-09
5.672229e+00 2.485370e+02 1.701669e+04 9.956250e-10
5.737976e+00 2.511521e+02 1.721393e+04 9.719111e-10
5.804486e+00 2.537784e+02 1.741346e+04 9.487010e-10
5.871766e+00 2.564158e+02 1.761530e+04 9.259862e-10
5.939827e+00 2.590644e+02 1.781948e+04 9.037583e-10
6.008676e+00 2.617239e+02 1.802603e+04 8.820092e-10
6.078323e+00 2.643946e+02 1.823497e+04 8.607304e-10
6.148778e+00 2.670762e+02 1.844633e+04 8.399140e-10
6.220049e+00 2.697688e+02 1.866015e+04 8.195517e-10
6.292146e+00 2.724724e+02 1.887644e+04 7.996355e-10
6.365079e+00 2.751868e+02 1.909524e+04 7.801574e-10
6.438857e+00 2.779122e+02 1.931657e+04 7.611096e-10
6.513491e+00 2.806485e+02 1.954047e+04 7.424843e-10
6.588990e+00 2.833957e+02 1.976697e+04 7.242738e-10
6.665363e+00 2.861537e+02 1.999609e+04 7.064703e-10
6.742622e+00 2.889226e+02 2.022787e+04 6.890663e-10
6.820777e+00 2.917023e+02 2.046233e+04 6.720543e-10
6.899837e+00 2.944929e+02 2.069951e+04 6.554270e-10
6.979814e+00 2.972943e+02 2.093944e+04 6.391769e-10
7.060718e+00 3.001066e+02 2.118215e+04 6.232970e-10
7.142559e+00 3.029298e+02 2.142768e+04 6.077799e-10
7.225349e+00 3.057638e+02 2.167605e+04 5.926188e-10
7.309099e+00 3.086086e+02 2.192730e+04 5.778065e-10
7.393820e+00 3.114644e+02 2.218146e+04 5.633363e-10
7.479523e+00 3.143310e+02 2.243857e+04 5.492014e-10
7.566219e+00 3.172086e+02 2.269866e+04 5.353950e-10
7.653919e+00 3.200971e+02 2.296176e+04 5.219106e-10
7.742637e+00 3.229966e+02 2.322791e+04 5.087417e-10
7.832383e+00 3.259071e+02 2.349715e+04 4.958818e-10
7.923169e+00 3.288286e+02 2.376951e+04 4.833246e-10
8.015007e+00 3.317612e+02 2.404502e+04 4.710639e-10
8.107910e+00 3.347048e+02 2.432373e+04 4.590935e-10
8.201889e+00 3.376596e+02 2.460567e+04 4.474075e-10
8.296959e+00 3.406255e+02 2.489088e+04 4.359998e-10
8.393129e+00 3.436026e+02 2.517939e+04 4.248647e-10
8.490415e+00 3.465910e+02 2.547125e+04 4.139963e-10
8.588829e+00 3.495906e+02 2.576649e+04 4.033889e-10
8.688383e+00 3.526016e+02 2.606515e+04 3.930370e-10
8.789091e+00 3.556240e+02 2.636727e+04 3.829351e-10
8.890966e+00 3.586578e+02 2.667290e+04 3.730778e-10
8.994022e+00 3.617031e+02 2.698207e+04 3.634598e-10
9.098273e+00 3.647600e+02 2.729482e+04 3.540759e-10
9.203732e+00 3.678285e+02 2.761120e+04 3.449209e-10
9.310413e+00 3.709087e+02 2.793124e+04 3.359898e-10
9.418332e+00 3.740006e+02 2.825499e+04 3.272777e-10
9.527500e+00 3.771044e+02 2.858250e+04 3.187797e-10
9.637935e+00 3.802200e+02 2.891380e+04 3.104910e-10
9.749649e+00 3.833475e+02 2.924895e+04 3.024069e-10
9.862658e+00 3.864871e+02 2.958798e+04 2.945229e-10
9.976978e+00 3.896388e+02 2.993093e+04 2.868344e-10
1.009262e+01 3.928026e+02 3.027787e+04 2.793369e-10
1.020961e+01 3.959787e+02 3.062882e+04 2.720263e-10
1.032795e+01 3.991672e+02 3.098384e+04 2.648980e-10
1.044766e+01 4.023680e+02 3.134298e+04 2.579481e-10
1.056876e+01 4.055814e+02 3.170628e+04 2.511724e-10
1.069126e+01 4.088073e+02 3.207379e+04 2.445668e-10
1.081519e+01 4.120459e+02 3.244556e+04 2.381275e-10
1.094055e+01 4.152973e+02 3.282164e+04 2.318505e-10
1.106736e+01 4.185616e+02 3.320208e+04 2.257320e-10
1.119564e+01 4.218387e+02 3.358693e+04 2.197684e-10
1.132541e+01 4.251290e+02 3.397624e+04 2.139560e-10
1.145669e+01 4.284324e+02 3.437006e+04 2.082913e-10
1.158948e+01 4.317490e+02 3.476845e+04 2.027707e-10
1.172382e+01 4.350789e+02 3.517145e+04 1.973908e-10
1.185971e+01 4.384224e+02 3.557913e+04 1.921483e-10
1.199718e+01 4.417793e+02 3.599153e+04 1.870398e-10
1.213624e+01 4.451499e+02 3.640871e+04 1.820623e-10
1.227691e+01 4.485343e+02 3.683073e+04 1.772125e-10
1.241921e+01 4.519326e+02 3.725764e+04 1.724874e-10
1.256317e+01 4.553448e+02 3.768950e+04 1.678839e-10
1.270879e+01 4.587711e+02 3.812636e+04 1.633991e-10
1.285610e+01 4.622116e+02 3.856829e+04 1.590302e-10
1.300511e+01 4.656665e+02 3.901534e+04 1.547742e-10
1.315586e+01 4.691357e+02 3.946757e+04 1.506285e-10
1.330835e+01 4.726196e+02 3.992504e+04 1.465903e-10
1.346261e+01 4.761181e+02 4.038782e+04 1.426571e-10
1.361865e+01 4.796314e+02 4.085596e+04 1.388261e-10
1.377651e+01 4.831596e+02 4.132952e+04 1.350950e-10
1.393619e+01 4.867028e+02 4.180858e+04 1.314611e-10
1.409773e+01 4.902612e+02 4.229319e+04 1.279222e-10
1.426114e+01 4.938349e+02 4.278341e+04 1.244759e-10
1.442644e+01 4.974240e+02 4.327932e+04 1.211198e-10
1.459366e+01 5.010286e+02 4.378097e+04 1.178517e-10
1.476281e+01 5.046489e+02 4.428844e+04 1.146695e-10
1.493393e+01 5.082850e+02 4.480180e+04 1.115708e-10
1.510703e+01 5.119370e+02 4.532110e+04 1.085538e-10
1.528214e+01 5.156051e+02 4.584642e+04 1.056162e-10
1.545928e+01 5.192894e+02 4.637783e+04 1.027562e-10
1.563847e+01 5.229900e+02 4.691540e+04 9.997162e-11
1.581973e+01 5.267070e+02 4.745920e+04 9.726072e-11
1.600310e+01 5.304407e+02 4.800931e+04 9.462159e-11
1.618860e+01 5.341911e+02 4.856579e+04 9.205238e-11
1.637624e+01 5.379584e+02 4.912872e+04 8.955133e-11
1.656606e+01 5.417428e+02 4.969818e+04 8.711670e-11
1.675808e+01 5.455443e+02 5.027424e+04 8.474680e-11
1.695232e+01 5.493630e+02 5.085697e+04 8.243995e-11
1.714882e+01 5.531993e+02 5.144646e+04 8.019456e-11
1.734759e+01 5.570531e+02 5.204278e+04 7.800903e-11
1.754867e+01 5.609247e+02 5.264601e+04 7.588183e-11
1.775208e+01 5.648142e+02 5.325624e+04 7.381146e-11
1.795785e+01 5.687217e+02 5.387354e+04 7.179645e-11
1.816600e+01 5.726473e+02 5.449799e+04 6.983537e-11
1.837656e+01 5.765914e+02 5.512969e+04 6.792683e-11
1.858957e+01 5.805539e+02 5.576870e+04 6.606945e-11
1.880504e+01 5.845350e+02 5.641512e+04 6.426192e-11
1.902301e+01 5.885349e+02 5.706904e+04 6.250293e-11
1.924351e+01 5.925538e+02 5.773053e+04 6.079123e-11
1.946656e+01 5.965917e+02 5.839969e+04 5.912557e-11
1.969220e+01 6.006490e+02 5.907661e+04 5.750476e-11
1.992046e+01 6.047256e+02 5.976137e+04 5.592763e-11
2.015136e+01 6.088218e+02 6.045407e+04 5.439303e-11
2.038493e+01 6.129377e+02 6.115480e+04 5.289984e-11
2.062122e+01 6.170735e+02 6.186365e+04 5.144698e-11
2.086024e+01 6.212293e+02 6.258072e+04 5.003339e-11
2.110203e+01 6.254053e+02 6.330610e+04 4.865804e-11
2.134663e+01 6.296017e+02 6.403989e+04 4.731991e-11
2.159406e+01 6.338187e+02 6.478218e+04 4.601803e-11
2.184436e+01 6.380563e+02 6.553308e+04 4.475143e-11
2.209756e+01 6.423148e+02 6.629268e+04 4.351920e-11
2.235370e+01 6.465943e+02 6.706109e+04 4.232040e-11
2.261280e+01 6.508950e+02 6.783840e+04 4.115417e-11
2.287491e+01 6.552170e+02 6.862472e+04 4.001963e-11
2.314005e+01 6.595606e+02 6.942016e+04 3.891594e-11
2.340827e+01 6.639259e+02 7.022482e+04 3.784229e-11
2.367960e+01 6.683130e+02 7.103880e+04 3.679788e-11
2.395407e+01 6.727221e+02 7.186222e+04 3.578191e-11
2.423173e+01 6.771535e+02 7.269518e+04 3.479365e-11
2.451260e+01 6.816072e+02 7.353780e+04 3.383234e-11
2.479673e+01 6.860835e+02 7.439019e+04 3.289727e-11
2.508415e+01 6.905826e+02 7.525245e+04 3.198773e-11
2.537490e+01 6.951045e+02 7.612471e+04 3.110304e-11
2.566903e+01 6.996495e+02 7.700708e+04 3.024254e-11
2.596656e+01 7.042177e+02 7.789968e+04 2.940558e-11
2.626754e+01 7.088094e+02 7.880262e+04 2.859152e-11
2.657201e+01 7.134247e+02 7.971603e+04 2.779975e-11
2.688001e+01 7.180638e+02 8.064003e+04 2.702967e-11
2.719158e+01 7.227268e+02 8.157474e+04 2.628069e-11
2.750676e+01 7.274140e+02 8.252028e+04 2.555226e-11
2.782559e+01 7.321255e+02 8.347678e+04 2.484381e-11
2.814812e+01 7.368616e+02 8.444437e+04 2.415480e-11
2.847439e+01 7.416223e+02 8.542317e+04 2.348472e-11
2.880444e+01 7.464079e+02 8.641332e+04 2.283305e-11
2.913832e+01 7.512186e+02 8.741495e+04 2.219928e-11
2.947606e+01 7.560546e+02 8.842819e+04 2.158294e-11
2.981772e+01 7.609159e+02 8.945317e+04 2.098356e-11
3.016334e+01 7.658030e+02 9.049003e+04 2.040068e-11
3.051297e+01 7.707158e+02 9.153891e+04 1.983384e-11
3.086665e+01 7.756546e+02 9.259995e+04 1.928261e-11
3.122443e+01 7.806197e+02 9.367328e+04 1.874658e-11
3.158635e+01 7.856111e+02 9.475906e+04 1.822532e-11
3.195248e+01 7.906292e+02 9.585743e+04 1.771843e-11
3.232284e+01 7.956740e+02 9.696852e+04 1.722553e-11
3.269750e+01 8.007457e+02 9.809249e+04 1.674623e-11
3.307650e+01 8.058447e+02 9.922949e+04 1.628016e-11
3.345989e+01 8.109710e+02 1.003797e+05 1.582697e-11
3.384773e+01 8.161249e+02 1.015432e+05 1.538629e-11
3.424006e+01 8.213065e+02 1.027202e+05 1.495780e-11
3.463694e+01 8.265161e+02 1.039108e+05 1.454115e-11
3.503842e+01 8.317538e+02 1.051153e+05 1.413602e-11
3.544456e+01 8.370200e+02 1.063337e+05 1.374210e-11
3.585540e+01 8.423146e+02 1.075662e+05 1.335908e-11
3.627100e+01 8.476381e+02 1.088130e+05 1.298667e-11
3.669142e+01 8.529905e+02 1.100743e+05 1.262457e-11
3.711672e+01 8.583721e+02 1.113502e+05 1.227249e-11
3.754694e+01 8.637830e+02 1.126408e+05 1.193018e-11
3.798215e+01 8.692236e+02 1.139465e+05 1.159735e-11
3.842241e+01 8.746939e+02 1.152672e+05 1.127375e-11
3.886777e+01 8.801943e+02 1.166033e+05 1.095912e-11
3.931829e+01 8.857249e+02 1.179549e+05 1.065322e-11
3.977403e+01 8.912859e+02 1.193221e+05 1.035581e-11
4.023506e+01 8.968775e+02 1.207052e+05 1.006666e-11
4.070142e+01 9.025000e+02 1.221043e+05 9.785530e-12
4.117320e+01 9.081535e+02 1.235196e+05 9.512209e-12
4.165044e+01 9.138383e+02 1.249513e+05 9.246481e-12
4.213322e+01 9.195547e+02 1.263997e+05 8.988136e-12
4.262159e+01 9.253027e+02 1.278648e+05 8.736971e-12
4.311562e+01 9.310826e+02 1.293469e+05 8.492788e-12
4.361538e+01 9.368948e+02 1.308461e+05 8.255395e-12
4.412093e+01 9.427392e+02 1.323628e+05 8.024604e-12
4.463234e+01 9.486163e+02 1.338970e+05 7.800234e-12
4.514968e+01 9.545262e+02 1.354490e+05 7.582106e-12
4.567301e+01 9.604691e+02 1.370190e+05 7.370049e-12
4.620241e+01 9.664453e+02 1.386072e+05 7.163896e-12
4.673795e+01 9.724549e+02 1.402139e+05 6.963482e-12
4.727970e+01 9.784983e+02 1.418391e+05 6.768650e-12
4.782772e+01 9.845756e+02 1.434832e+05 6.579244e-12
4.838210e+01 9.906871e+02 1.451463e+05 6.395116e-12
4.894290e+01 9.968330e+02 1.468287e+05 6.216119e-12
4.951020e+01 1.003014e+03 1.485306e+05 6.042111e-12
5.008408e+01 1.009229e+03 1.502522e+05 5.872953e-12
5.066461e+01 1.015479e+03 1.519938e+05 5.708513e-12
5.125187e+01 1.021765e+03 1.537556e+05 5.548658e-12
5.184594e+01 1.028087e+03 1.555378e+05 5.393262e-12
5.244689e+01 1.034444e+03 1.573407e+05 5.242201e-12
5.305481e+01 1.040837e+03 1.591644e+05 5.095356e-12
5.366977e+01 1.047266e+03 1.610093e+05 4.952608e-12
5.429186e+01 1.053733e+03 1.628756e+05 4.813846e-12
5.492116e+01 1.060235e+03 1.647635e+05 4.678957e-12
5.555776e+01 1.066775e+03 1.666733e+05 4.547834e-12
5.620174e+01 1.073352e+03 1.686052e+05 4.420374e-12
5.685318e+01 1.079967e+03 1.705595e+05 4.296473e-12
5.751217e+01 1.086619e+03 1.725365e+05 4.176034e-12
5.817880e+01 1.093309e+03 1.745364e+05 4.058960e-12
5.885316e+01 1.100038e+03 1.765595e+05 3.945157e-12
5.953533e+01 1.106805e+03 1.786060e+05 3.834535e-12
6.022541e+01 1.113611e+03 1.806762e+05 3.727006e-12
6.092349e+01 1.120456e+03 1.827705e+05 3.622482e-12
6.162966e+01 1.127340e+03 1.848890e+05 3.520881e-12
6.234402e+01 1.134263e+03 1.870321e+05 3.422121e-12
6.306666e+01 1.141226e+03 1.892000e+05 3.326124e-12
6.379767e+01 1.148230e+03 1.913930e+05 3.232811e-12
6.453715e+01 1.155273e+03 1.936115e+05 3.142109e-12
6.528521e+01 1.162358e+03 1.958556e+05 3.053945e-12
6.604194e+01 1.169483e+03 1.981258e+05 2.968249e-12
6.680744e+01 1.176649e+03 2.004223e+05 2.884950e-12
6.758181e+01 1.183856e+03 2.027454e+05 2.803983e-12
6.836516e+01 1.191105e+03 2.050955e+05 2.725282e-12
6.915759e+01 1.198396e+03 2.074728e+05 2.648785e-12
6.995920e+01 1.205729e+03 2.098776e+05 2.574430e-12
7.077011e+01 1.213104e+03 2.123103e+05 2.502157e-12
7.159041e+01 1.220522e+03 2.147712e+05 2.431908e-12
7.242022e+01 1.227984e+03 2.172607e+05 2.363627e-12
7.325965e+01 1.235488e+03 2.197790e+05 2.297259e-12
7.410882e+01 1.243036e+03 2.223264e+05 2.232749e-12
7.496782e+01 1.250627e+03 2.249035e+05 2.170048e-12
7.583678e+01 1.258263e+03 2.275103e+05 2.109103e-12
7.671581e+01 1.265943e+03 2.301474e+05 2.049866e-12
7.760503e+01 1.273668e+03 2.328151e+05 1.992290e-12
7.850456e+01 1.281437e+03 2.355137e+05 1.936327e-12
7.941452e+01 1.289252e+03 2.382436e+05 1.881933e-12
8.033502e+01 1.297113e+03 2.410051e+05 1.829064e-12
8.126619e+01 1.305019e+03 2.437986e+05 1.777677e-12
8.220816e+01 1.312971e+03 2.466245e+05 1.727732e-12
8.316104e+01 1.320969e+03 2.494831e+05 1.679187e-12
8.412497e+01 1.329015e+03 2.523749e+05 1.632003e-12
8.510007e+01 1.337107e+03 2.553002e+05 1.586143e-12
8.608648e+01 1.345246e+03 2.582594e+05 1.541569e-12
8.708431e+01 1.353433e+03 2.612529e+05 1.498245e-12
8.809372e+01 1.361668e+03 2.642812e+05 1.456137e-12
8.911482e+01 1.369951e+03 2.673445e+05 1.415211e-12
9.014776e+01 1.378282e+03 2.704433e+05 1.375433e-12
9.119268e+01 1.386662e+03 2.735780e+05 1.336770e-12
9.224970e+01 1.395092e+03 2.767491e+05 1.299193e-12
9.331898e+01 1.403570e+03 2.799569e+05 1.262671e-12
9.440065e+01 1.412099e+03 2.832019e+05 1.227174e-12
9.549486e+01 1.420677e+03 2.864846e+05 1.192673e-12
9.660175e+01 1.429306e+03 2.898052e+05 1.159141e-12
9.772147e+01 1.437985e+03 2.931644e+05 1.126550e-12
9.885417e+01 1.446715e+03 2.965625e+05 1.094874e-12
1.000000e+02 1.455496e+03 3.000000e+05 1.064087e-12
