1.000000e-03 2.671773e-07 3.000000e+00 1.953285e-07
1.020961e-03 2.896804e-07 3.062882e+00 1.990023e-07
1.042361e-03 3.140694e-07 3.127082e+00 2.027391e-07
1.064209e-03 3.404999e-07 3.192628e+00 2.065389e-07
1.086516e-03 3.691434e-07 3.259547e+00 2.104035e-07
1.109290e-03 4.001824e-07 3.327870e+00 2.143329e-07
1.132541e-03 4.338163e-07 3.397624e+00 2.183281e-07
1.156280e-03 4.702617e-07 3.468840e+00 2.223906e-07
1.180517e-03 5.097483e-07 3.541550e+00 2.265195e-07
1.205261e-03 5.525316e-07 3.615783e+00 2.307171e-07
1.230524e-03 5.988828e-07 3.691572e+00 2.349836e-07
1.256317e-03 6.490963e-07 3.768950e+00 2.393193e-07
1.282650e-03 7.034942e-07 3.847949e+00 2.437262e-07
1.309535e-03 7.624172e-07 3.928605e+00 2.482032e-07
1.336984e-03 8.262426e-07 4.010951e+00 2.527523e-07
1.365008e-03 8.953742e-07 4.095023e+00 2.573743e-07
1.393619e-03 9.702445e-07 4.180858e+00 2.620684e-07
1.422830e-03 1.051332e-06 4.268491e+00 2.668372e-07
1.452654e-03 1.139142e-06 4.357962e+00 2.716798e-07
1.483103e-03 1.234229e-06 4.449308e+00 2.765974e-07
1.514189e-03 1.337193e-06 4.542568e+00 2.815914e-07
1.545928e-03 1.448668e-06 4.637783e+00 2.866600e-07
1.578331e-03 1.569363e-06 4.734994e+00 2.918064e-07
1.611414e-03 1.700026e-06 4.834243e+00 2.970297e-07
1.645191e-03 1.841468e-06 4.935572e+00 3.023302e-07
1.679675e-03 1.994579e-06 5.039025e+00 3.077100e-07
1.714882e-03 2.160291e-06 5.144646e+00 3.131667e-07
1.750827e-03 2.339646e-06 5.252481e+00 3.187032e-07
1.787526e-03 2.533749e-06 5.362577e+00 3.243194e-07
1.824993e-03 2.743783e-06 5.474980e+00 3.300137e-07
1.863246e-03 2.971063e-06 5.589739e+00 3.357894e-07
1.902301e-03 3.216960e-06 5.706904e+00 3.416440e-07
1.942175e-03 3.482992e-06 5.826524e+00 3.475790e-07
1.982884e-03 3.770796e-06 5.948652e+00 3.535959e-07
2.024447e-03 4.082084e-06 6.073340e+00 3.596905e-07
2.066880e-03 4.418794e-06 6.200641e+00 3.658675e-07
2.110203e-03 4.782943e-06 6.330610e+00 3.721244e-07
2.154435e-03 5.176725e-06 6.463304e+00 3.784610e-07
2.199593e-03 5.602555e-06 6.598779e+00 3.848798e-07
2.245698e-03 6.062924e-06 6.737094e+00 3.913759e-07
2.292769e-03 6.560652e-06 6.878308e+00 3.979531e-07
2.340827e-03 7.098705e-06 7.022482e+00 4.046104e-07
2.389893e-03 7.680239e-06 7.169678e+00 4.113444e-07
2.439986e-03 8.308796e-06 7.319959e+00 4.181594e-07
2.491130e-03 8.988011e-06 7.473390e+00 4.250503e-07
2.543346e-03 9.721941e-06 7.630037e+00 4.320189e-07
2.596656e-03 1.051495e-05 7.789968e+00 4.390662e-07
2.651084e-03 1.137154e-05 7.953251e+00 4.461851e-07
2.706652e-03 1.229689e-05 8.119956e+00 4.533817e-07
2.763385e-03 1.329629e-05 8.290156e+00 4.606513e-07
2.821308e-03 1.437554e-05 8.463923e+00 4.679924e-07
2.880444e-03 1.554101e-05 8.641332e+00 4.754084e-07
2.940820e-03 1.679916e-05 8.822461e+00 4.828898e-07
3.002462e-03 1.815744e-05 9.007385e+00 4.904425e-07
3.065395e-03 1.962357e-05 9.196186e+00 4.980633e-07
3.129648e-03 2.120573e-05 9.388944e+00 5.057464e-07
3.195248e-03 2.291320e-05 9.585743e+00 5.134974e-07
3.262222e-03 2.475528e-05 9.786666e+00 5.213068e-07
3.330600e-03 2.674253e-05 9.991801e+00 5.291770e-07
3.400412e-03 2.888621e-05 1.020124e+01 5.371085e-07
3.471687e-03 3.119774e-05 1.041506e+01 5.450891e-07
3.544456e-03 3.369056e-05 1.063337e+01 5.531279e-07
3.618750e-03 3.637805e-05 1.085625e+01 5.612156e-07
3.694601e-03 3.927497e-05 1.108380e+01 5.693498e-07
3.772042e-03 4.239766e-05 1.131613e+01 5.775347e-07
3.851107e-03 4.576212e-05 1.155332e+01 5.857541e-07
3.931829e-03 4.938747e-05 1.179549e+01 5.940171e-07
4.014242e-03 5.329299e-05 1.204273e+01 6.023171e-07
4.098384e-03 5.749903e-05 1.229515e+01 6.106448e-07
4.184289e-03 6.202906e-05 1.255287e+01 6.190081e-07
4.271994e-03 6.690583e-05 1.281598e+01 6.273906e-07
4.361538e-03 7.215578e-05 1.308461e+01 6.357966e-07
4.452959e-03 7.780678e-05 1.335888e+01 6.442249e-07
4.546295e-03 8.388649e-05 1.363889e+01 6.526571e-07
4.641589e-03 9.042843e-05 1.392477e+01 6.611058e-07
4.738880e-03 9.746484e-05 1.421664e+01 6.695560e-07
4.838210e-03 1.050317e-04 1.451463e+01 6.780044e-07
4.939622e-03 1.131691e-04 1.481887e+01 6.864563e-07
5.043159e-03 1.219145e-04 1.512948e+01 6.948857e-07
5.148867e-03 1.313150e-04 1.544660e+01 7.033076e-07
5.256791e-03 1.414163e-04 1.577037e+01 7.117103e-07
5.366977e-03 1.522664e-04 1.610093e+01 7.200804e-07
5.479472e-03 1.639221e-04 1.643842e+01 7.284291e-07
5.594326e-03 1.764357e-04 1.678298e+01 7.367313e-07
5.711586e-03 1.898703e-04 1.713476e+01 7.449940e-07
5.831305e-03 2.042913e-04 1.749392e+01 7.532143e-07
5.953533e-03 2.197617e-04 1.786060e+01 7.613663e-07
6.078323e-03 2.363611e-04 1.823497e+01 7.694681e-07
6.205729e-03 2.541622e-04 1.861719e+01 7.774968e-07
6.335805e-03 2.732483e-04 1.900741e+01 7.854492e-07
6.468608e-03 2.937122e-04 1.940582e+01 7.933329e-07
6.604194e-03 3.156352e-04 1.981258e+01 8.011097e-07
6.742622e-03 3.391278e-04 2.022787e+01 8.088032e-07
6.883952e-03 3.642908e-04 2.065186e+01 8.163956e-07
7.028244e-03 3.912310e-04 2.108473e+01 8.238701e-07
7.175561e-03 4.200774e-04 2.152668e+01 8.312425e-07
7.325965e-03 4.509410e-04 2.197790e+01 8.384770e-07
7.479523e-03 4.839647e-04 2.243857e+01 8.455866e-07
7.636298e-03 5.192910e-04 2.290889e+01 8.525663e-07
7.796360e-03 5.570528e-04 2.338908e+01 8.593828e-07
7.959777e-03 5.974281e-04 2.387933e+01 8.660619e-07
8.126619e-03 6.405678e-04 2.437986e+01 8.725722e-07
8.296959e-03 6.866519e-04 2.489088e+01 8.789129e-07
8.470868e-03 7.358813e-04 2.541260e+01 8.850951e-07
8.648423e-03 7.884159e-04 2.594527e+01 8.910674e-07
8.829700e-03 8.444994e-04 2.648910e+01 8.968658e-07
9.014776e-03 9.043360e-04 2.704433e+01 9.024662e-07
9.203732e-03 9.681447e-04 2.761120e+01 9.078506e-07
9.396648e-03 1.036199e-03 2.818994e+01 9.130411e-07
9.593608e-03 1.108712e-03 2.878082e+01 9.179917e-07
9.794697e-03 1.185984e-03 2.938409e+01 9.227243e-07
1.000000e-02 1.268302e-03 3.000000e+01 9.272328e-07
1.020961e-02 1.355920e-03 3.062882e+01 9.314792e-07
1.042361e-02 1.449210e-03 3.127082e+01 9.354985e-07
1.064209e-02 1.548451e-03 3.192628e+01 9.392524e-07
1.086516e-02 1.654004e-03 3.259547e+01 9.427455e-07
1.109290e-02 1.766271e-03 3.327870e+01 9.459934e-07
1.132541e-02 1.885527e-03 3.397624e+01 9.489353e-07
1.156280e-02 2.012275e-03 3.468840e+01 9.516213e-07
1.180517e-02 2.146885e-03 3.541550e+01 9.540225e-07
1.205261e-02 2.289767e-03 3.615783e+01 9.561237e-07
1.230524e-02 2.441458e-03 3.691572e+01 9.579546e-07
1.256317e-02 2.602310e-03 3.768950e+01 9.594620e-07
1.282650e-02 2.772918e-03 3.847949e+01 9.606797e-07
1.309535e-02 2.953796e-03 3.928605e+01 9.616016e-07
1.336984e-02 3.145381e-03 4.010951e+01 9.621899e-07
1.365008e-02 3.348386e-03 4.095023e+01 9.624896e-07
1.393619e-02 3.563268e-03 4.180858e+01 9.624586e-07
1.422830e-02 3.790691e-03 4.268491e+01 9.621105e-07
1.452654e-02 4.031381e-03 4.357962e+01 9.614648e-07
1.483103e-02 4.285751e-03 4.449308e+01 9.604602e-07
1.514189e-02 4.554749e-03 4.542568e+01 9.591573e-07
1.545928e-02 4.838968e-03 4.637783e+01 9.575273e-07
1.578331e-02 5.139102e-03 4.734994e+01 9.555614e-07
1.611414e-02 5.456115e-03 4.834243e+01 9.532962e-07
1.645191e-02 5.790497e-03 4.935572e+01 9.506773e-07
1.679675e-02 6.143326e-03 5.039025e+01 9.477502e-07
1.714882e-02 6.515436e-03 5.144646e+01 9.445104e-07
1.750827e-02 6.907477e-03 5.252481e+01 9.409264e-07
1.787526e-02 7.320715e-03 5.362577e+01 9.370499e-07
1.824993e-02 7.755775e-03 5.474980e+01 9.328405e-07
1.863246e-02 8.213782e-03 5.589739e+01 9.283213e-07
1.902301e-02 8.695925e-03 5.706904e+01 9.235150e-07
1.942175e-02 9.202699e-03 5.826524e+01 9.183671e-07
1.982884e-02 9.735764e-03 5.948652e+01 9.129440e-07
2.024447e-02 1.029593e-02 6.073340e+01 9.072200e-07
2.066880e-02 1.088426e-02 6.200641e+01 9.011955e-07
2.110203e-02 1.150235e-02 6.330610e+01 8.949106e-07
2.154435e-02 1.215070e-02 6.463304e+01 8.883156e-07
2.199593e-02 1.283115e-02 6.598779e+01 8.814639e-07
2.245698e-02 1.354487e-02 6.737094e+01 8.743530e-07
2.292769e-02 1.429272e-02 6.878308e+01 8.669612e-07
2.340827e-02 1.507676e-02 7.022482e+01 8.593416e-07
2.389893e-02 1.589766e-02 7.169678e+01 8.514597e-07
2.439986e-02 1.675720e-02 7.319959e+01 8.433451e-07
2.491130e-02 1.765715e-02 7.473390e+01 8.350209e-07
2.543346e-02 1.859791e-02 7.630037e+01 8.264448e-07
2.596656e-02 1.958218e-02 7.789968e+01 8.176808e-07
2.651084e-02 2.061088e-02 7.953251e+01 8.087089e-07
2.706652e-02 2.168551e-02 8.119956e+01 7.995366e-07
2.763385e-02 2.280851e-02 8.290156e+01 7.902027e-07
2.821308e-02 2.398009e-02 8.463923e+01 7.806665e-07
2.880444e-02 2.520323e-02 8.641332e+01 7.709812e-07
2.940820e-02 2.647936e-02 8.822461e+01 7.611462e-07
3.002462e-02 2.780946e-02 9.007385e+01 7.511491e-07
3.065395e-02 2.919670e-02 9.196186e+01 7.410377e-07
3.129648e-02 3.064151e-02 9.388944e+01 7.307851e-07
3.195248e-02 3.214656e-02 9.585743e+01 7.204221e-07
3.262222e-02 3.371426e-02 9.786666e+01 7.099684e-07
3.330600e-02 3.534467e-02 9.991801e+01 6.993947e-07
3.400412e-02 3.704192e-02 1.020124e+02 6.887551e-07
3.471687e-02 3.880679e-02 1.041506e+02 6.780350e-07
3.544456e-02 4.064134e-02 1.063337e+02 6.672451e-07
3.618750e-02 4.254906e-02 1.085625e+02 6.564177e-07
3.694601e-02 4.452946e-02 1.108380e+02 6.455215e-07
3.772042e-02 4.658711e-02 1.131613e+02 6.346028e-07
3.851107e-02 4.872359e-02 1.155332e+02 6.236609e-07
3.931829e-02 5.093993e-02 1.179549e+02 6.126897e-07
4.014242e-02 5.324073e-02 1.204273e+02 6.017265e-07
4.098384e-02 5.562584e-02 1.229515e+02 5.907513e-07
4.184289e-02 5.809917e-02 1.255287e+02 5.797905e-07
4.271994e-02 6.066382e-02 1.281598e+02 5.688579e-07
4.361538e-02 6.331931e-02 1.308461e+02 5.579345e-07
4.452959e-02 6.607165e-02 1.335888e+02 5.470602e-07
4.546295e-02 6.892125e-02 1.363889e+02 5.362239e-07
4.641589e-02 7.187097e-02 1.392477e+02 5.254356e-07
4.738880e-02 7.492561e-02 1.421664e+02 5.147178e-07
4.838210e-02 7.808360e-02 1.451463e+02 5.040478e-07
4.939622e-02 8.135179e-02 1.481887e+02 4.934600e-07
5.043159e-02 8.473177e-02 1.512948e+02 4.829522e-07
5.148867e-02 8.822479e-02 1.544660e+02 4.725214e-07
5.256791e-02 9.183728e-02 1.577037e+02 4.621924e-07
5.366977e-02 9.556831e-02 1.610093e+02 4.519503e-07
5.479472e-02 9.942364e-02 1.643842e+02 4.418139e-07
5.594326e-02 1.034072e-01 1.678298e+02 4.317908e-07
5.711586e-02 1.075180e-01 1.713476e+02 4.218682e-07
5.831305e-02 1.117645e-01 1.749392e+02 4.120717e-07
5.953533e-02 1.161469e-01 1.786060e+02 4.023921e-07
6.078323e-02 1.206693e-01 1.823497e+02 3.928362e-07
6.205729e-02 1.253383e-01 1.861719e+02 3.834172e-07
6.335805e-02 1.301512e-01 1.900741e+02 3.741181e-07
6.468608e-02 1.351180e-01 1.940582e+02 3.649613e-07
6.604194e-02 1.402406e-01 1.981258e+02 3.559429e-07
6.742622e-02 1.455210e-01 2.022787e+02 3.470604e-07
6.883952e-02 1.509681e-01 2.065186e+02 3.383277e-07
7.028244e-02 1.565804e-01 2.108473e+02 3.297333e-07
7.175561e-02 1.623665e-01 2.152668e+02 3.212882e-07
7.325965e-02 1.683316e-01 2.197790e+02 3.129948e-07
7.479523e-02 1.744751e-01 2.243857e+02 3.048441e-07
7.636298e-02 1.808088e-01 2.290889e+02 2.968499e-07
7.796360e-02 1.873330e-01 2.338908e+02 2.890044e-07
7.959777e-02 1.940541e-01 2.387933e+02 2.813106e-07
8.126619e-02 2.009818e-01 2.437986e+02 2.737744e-07
8.296959e-02 2.081124e-01 2.489088e+02 2.663834e-07
8.470868e-02 2.154609e-01 2.541260e+02 2.591497e-07
8.648423e-02 2.230302e-01 2.594527e+02 2.520687e-07
8.829700e-02 2.308242e-01 2.648910e+02 2.451373e-07
9.014776e-02 2.388559e-01 2.704433e+02 2.383620e-07
9.203732e-02 2.471239e-01 2.761120e+02 2.317335e-07
9.396648e-02 2.556417e-01 2.818994e+02 2.252572e-07
9.593608e-02 2.644169e-01 2.878082e+02 2.189320e-07
9.794697e-02 2.734507e-01 2.938409e+02 2.127512e-07
1.000000e-01 2.827602e-01 3.000000e+02 2.067209e-07
1.020961e-01 2.923473e-01 3.062882e+02 2.008344e-07
1.042361e-01 3.022230e-01 3.127082e+02 1.950920e-07
1.064209e-01 3.124017e-01 3.192628e+02 1.894952e-07
1.086516e-01 3.228809e-01 3.259547e+02 1.840349e-07
1.109290e-01 3.336832e-01 3.327870e+02 1.787167e-07
1.132541e-01 3.448142e-01 3.397624e+02 1.735358e-07
1.156280e-01 3.562829e-01 3.468840e+02 1.684891e-07
1.180517e-01 3.681086e-01 3.541550e+02 1.635783e-07
1.205261e-01 3.802931e-01 3.615783e+02 1.587966e-07
1.230524e-01 3.928577e-01 3.691572e+02 1.541456e-07
1.256317e-01 4.058157e-01 3.768950e+02 1.496227e-07
1.282650e-01 4.191736e-01 3.847949e+02 1.452231e-07
1.309535e-01 4.329573e-01 3.928605e+02 1.409483e-07
1.336984e-01 4.471740e-01 4.010951e+02 1.367931e-07
1.365008e-01 4.618436e-01 4.095023e+02 1.327564e-07
1.393619e-01 4.769891e-01 4.180858e+02 1.288374e-07
1.422830e-01 4.926145e-01 4.268491e+02 1.250299e-07
1.452654e-01 5.087542e-01 4.357962e+02 1.213354e-07
1.483103e-01 5.254218e-01 4.449308e+02 1.177499e-07
1.514189e-01 5.426367e-01 4.542568e+02 1.142706e-07
1.545928e-01 5.604308e-01 4.637783e+02 1.108972e-07
1.578331e-01 5.788143e-01 4.734994e+02 1.076244e-07
1.611414e-01 5.978234e-01 4.834243e+02 1.044521e-07
1.645191e-01 6.174833e-01 4.935572e+02 1.013777e-07
1.679675e-01 6.378135e-01 5.039025e+02 9.839748e-08
1.714882e-01 6.588560e-01 5.144646e+02 9.551109e-08
1.750827e-01 6.806311e-01 5.252481e+02 9.271458e-08
1.787526e-01 7.031764e-01 5.362577e+02 9.000642e-08
1.824993e-01 7.265318e-01 5.474980e+02 8.738498e-08
1.863246e-01 7.507178e-01 5.589739e+02 8.484610e-08
1.902301e-01 7.757897e-01 5.706904e+02 8.238955e-08
1.942175e-01 8.017797e-01 5.826524e+02 8.001219e-08
1.982884e-01 8.287289e-01 5.948652e+02 7.771173e-08
2.024447e-01 8.566921e-01 6.073340e+02 7.548694e-08
2.066880e-01 8.857008e-01 6.200641e+02 7.333429e-08
2.110203e-01 9.158182e-01 6.330610e+02 7.125286e-08
2.154435e-01 9.470947e-01 6.463304e+02 6.924037e-08
2.199593e-01 9.795765e-01 6.598779e+02 6.729415e-08
2.245698e-01 1.013336e+00 6.737094e+02 6.541321e-08
2.292769e-01 1.048422e+00 6.878308e+02 6.359472e-08
2.340827e-01 1.084905e+00 7.022482e+02 6.183719e-08
2.389893e-01 1.122859e+00 7.169678e+02 6.013900e-08
2.439986e-01 1.162339e+00 7.319959e+02 5.849739e-08
2.491130e-01 1.203437e+00 7.473390e+02 5.691151e-08
2.543346e-01 1.246224e+00 7.630037e+02 5.537909e-08
2.596656e-01 1.290782e+00 7.789968e+02 5.389837e-08
2.651084e-01 1.337210e+00 7.953251e+02 5.246808e-08
2.706652e-01 1.385581e+00 8.119956e+02 5.108583e-08
2.763385e-01 1.436007e+00 8.290156e+02 4.975060e-08
2.821308e-01 1.488588e+00 8.463923e+02 4.846064e-08
2.880444e-01 1.543421e+00 8.641332e+02 4.721412e-08
2.940820e-01 1.600632e+00 8.822461e+02 4.600997e-08
3.002462e-01 1.660325e+00 9.007385e+02 4.484630e-08
3.065395e-01 1.722631e+00 9.196186e+02 4.372188e-08
3.129648e-01 1.787684e+00 9.388944e+02 4.263540e-08
3.195248e-01 1.855604e+00 9.585743e+02 4.158509e-08
3.262222e-01 1.926550e+00 9.786666e+02 4.057006e-08
3.330600e-01 2.000661e+00 9.991801e+02 3.958876e-08
3.400412e-01 2.078093e+00 1.020124e+03 3.863994e-08
3.471687e-01 2.159021e+00 1.041506e+03 3.772257e-08
3.544456e-01 2.243596e+00 1.063337e+03 3.683511e-08
3.618750e-01 2.332014e+00 1.085625e+03 3.597671e-08
3.694601e-01 2.424457e+00 1.108380e+03 3.514615e-08
3.772042e-01 2.521113e+00 1.131613e+03 3.434224e-08
3.851107e-01 2.622201e+00 1.155332e+03 3.356412e-08
3.931829e-01 2.727920e+00 1.179549e+03 3.281057e-08
4.014242e-01 2.838501e+00 1.204273e+03 3.208072e-08
4.098384e-01 2.954179e+00 1.229515e+03 3.137365e-08
4.184289e-01 3.075183e+00 1.255287e+03 3.068825e-08
4.271994e-01 3.201784e+00 1.281598e+03 3.002383e-08
4.361538e-01 3.334234e+00 1.308461e+03 2.937941e-08
4.452959e-01 3.472809e+00 1.335888e+03 2.875417e-08
4.546295e-01 3.617805e+00 1.363889e+03 2.814739e-08
4.641589e-01 3.769502e+00 1.392477e+03 2.755815e-08
4.738880e-01 3.928227e+00 1.421664e+03 2.698582e-08
4.838210e-01 4.094297e+00 1.451463e+03 2.642964e-08
4.939622e-01 4.268041e+00 1.481887e+03 2.588889e-08
5.043159e-01 4.449820e+00 1.512948e+03 2.536298e-08
5.148867e-01 4.639981e+00 1.544660e+03 2.485118e-08
5.256791e-01 4.838909e+00 1.577037e+03 2.435294e-08
5.366977e-01 5.046996e+00 1.610093e+03 2.386766e-08
5.479472e-01 5.264633e+00 1.643842e+03 2.339472e-08
5.594326e-01 5.492252e+00 1.678298e+03 2.293365e-08
5.711586e-01 5.730278e+00 1.713476e+03 2.248389e-08
5.831305e-01 5.979160e+00 1.749392e+03 2.204494e-08
5.953533e-01 6.239371e+00 1.786060e+03 2.161636e-08
6.078323e-01 6.511374e+00 1.823497e+03 2.119763e-08
6.205729e-01 6.795679e+00 1.861719e+03 2.078837e-08
6.335805e-01 7.092792e+00 1.900741e+03 2.038815e-08
6.468608e-01 7.403236e+00 1.940582e+03 1.999655e-08
6.604194e-01 7.727566e+00 1.981258e+03 1.961324e-08
6.742622e-01 8.066331e+00 2.022787e+03 1.923780e-08
6.883952e-01 8.420114e+00 2.065186e+03 1.886994e-08
7.028244e-01 8.789511e+00 2.108473e+03 1.850931e-08
7.175561e-01 9.175122e+00 2.152668e+03 1.815559e-08
7.325965e-01 9.577586e+00 2.197790e+03 1.780850e-08
7.479523e-01 9.997537e+00 2.243857e+03 1.746777e-08
7.636298e-01 1.043564e+01 2.290889e+03 1.713311e-08
7.796360e-01 1.089257e+01 2.338908e+03 1.680431e-08
7.959777e-01 1.136901e+01 2.387933e+03 1.648109e-08
8.126619e-01 1.186567e+01 2.437986e+03 1.616325e-08
8.296959e-01 1.238329e+01 2.489088e+03 1.585058e-08
8.470868e-01 1.292258e+01 2.541260e+03 1.554287e-08
8.648423e-01 1.348431e+01 2.594527e+03 1.523996e-08
8.829700e-01 1.406923e+01 2.648910e+03 1.494164e-08
9.014776e-01 1.467813e+01 2.704433e+03 1.464778e-08
9.203732e-01 1.531179e+01 2.761120e+03 1.435820e-08
9.396648e-01 1.597102e+01 2.818994e+03 1.407278e-08
9.593608e-01 1.665664e+01 2.878082e+03 1.379137e-08
9.794697e-01 1.736945e+01 2.938409e+03 1.351385e-08
1.000000e+00 1.811029e+01 3.000000e+03 1.324011e-08
1.020961e+00 1.888001e+01 3.062882e+03 1.297004e-08
1.042361e+00 1.967944e+01 3.127082e+03 1.270354e-08
1.064209e+00 2.050944e+01 3.192628e+03 1.244052e-08
1.086516e+00 2.137085e+01 3.259547e+03 1.218091e-08
1.109290e+00 2.226454e+01 3.327870e+03 1.192462e-08
1.132541e+00 2.319135e+01 3.397624e+03 1.167159e-08
1.156280e+00 2.415215e+01 3.468840e+03 1.142175e-08
1.180517e+00 2.514779e+01 3.541550e+03 1.117505e-08
1.205261e+00 2.617911e+01 3.615783e+03 1.093145e-08
1.230524e+00 2.724696e+01 3.691572e+03 1.069089e-08
1.256317e+00 2.835217e+01 3.768950e+03 1.045334e-08
1.282650e+00 2.949557e+01 3.847949e+03 1.021877e-08
1.309535e+00 3.067797e+01 3.928605e+03 9.987142e-09
1.336984e+00 3.190017e+01 4.010951e+03 9.758444e-09
1.365008e+00 3.316295e+01 4.095023e+03 9.532652e-09
1.393619e+00 3.446708e+01 4.180858e+03 9.309751e-09
1.422830e+00 3.581332e+01 4.268491e+03 9.089731e-09
1.452654e+00 3.720237e+01 4.357962e+03 8.872584e-09
1.483103e+00 3.863495e+01 4.449308e+03 8.658305e-09
1.514189e+00 4.011174e+01 4.542568e+03 8.446892e-09
1.545928e+00 4.163339e+01 4.637783e+03 8.238349e-09
1.578331e+00 4.320052e+01 4.734994e+03 8.032678e-09
1.611414e+00 4.481372e+01 4.834243e+03 7.829885e-09
1.645191e+00 4.647357e+01 4.935572e+03 7.629979e-09
1.679675e+00 4.818058e+01 5.039025e+03 7.432969e-09
1.714882e+00 4.993526e+01 5.144646e+03 7.238867e-09
1.750827e+00 5.173807e+01 5.252481e+03 7.047684e-09
1.787526e+00 5.358943e+01 5.362577e+03 6.859435e-09
1.824993e+00 5.548973e+01 5.474980e+03 6.674133e-09
1.863246e+00 5.743933e+01 5.589739e+03 6.491792e-09
1.902301e+00 5.943855e+01 5.706904e+03 6.312426e-09
1.942175e+00 6.148764e+01 5.826524e+03 6.136051e-09
1.982884e+00 6.358686e+01 5.948652e+03 5.962680e-09
2.024447e+00 6.573641e+01 6.073340e+03 5.792326e-09
2.066880e+00 6.793644e+01 6.200641e+03 5.625003e-09
2.110203e+00 7.018707e+01 6.330610e+03 5.460722e-09
2.154435e+00 7.248838e+01 6.463304e+03 5.299494e-09
2.199593e+00 7.484043e+01 6.598779e+03 5.141327e-09
2.245698e+00 7.724322e+01 6.737094e+03 4.986230e-09
2.292769e+00 7.969672e+01 6.878308e+03 4.834208e-09
2.340827e+00 8.220086e+01 7.022482e+03 4.685266e-09
2.389893e+00 8.475554e+01 7.169678e+03 4.539405e-09
2.439986e+00 8.736062e+01 7.319959e+03 4.396626e-09
2.491130e+00 9.001594e+01 7.473390e+03 4.256927e-09
2.543346e+00 9.272128e+01 7.630037e+03 4.120303e-09
2.596656e+00 9.547641e+01 7.789968e+03 3.986748e-09
2.651084e+00 9.828107e+01 7.953251e+03 3.856254e-09
2.706652e+00 1.011350e+02 8.119956e+03 3.728807e-09
2.763385e+00 1.040377e+02 8.290156e+03 3.604396e-09
2.821308e+00 1.069891e+02 8.463923e+03 3.483004e-09
2.880444e+00 1.099886e+02 8.641332e+03 3.364613e-09
2.940820e+00 1.130358e+02 8.822461e+03 3.249201e-09
3.002462e+00 1.161304e+02 9.007385e+03 3.136747e-09
3.065395e+00 1.192719e+02 9.196186e+03 3.027224e-09
3.129648e+00 1.224597e+02 9.388944e+03 2.920605e-09
3.195248e+00 1.256936e+02 9.585743e+03 2.816862e-09
3.262222e+00 1.289728e+02 9.786666e+03 2.715961e-09
3.330600e+00 1.322970e+02 9.991801e+03 2.617871e-09
3.400412e+00 1.356655e+02 1.020124e+04 2.522556e-09
3.471687e+00 1.390779e+02 1.041506e+04 2.429979e-09
3.544456e+00 1.425336e+02 1.063337e+04 2.340100e-09
3.618750e+00 1.460320e+02 1.085625e+04 2.252881e-09
3.694601e+00 1.495726e+02 1.108380e+04 2.168279e-09
3.772042e+00 1.531548e+02 1.131613e+04 2.086252e-09
3.851107e+00 1.567781e+02 1.155332e+04 2.006756e-09
3.931829e+00 1.604419e+02 1.179549e+04 1.929745e-09
4.014242e+00 1.641456e+02 1.204273e+04 1.855173e-09
4.098384e+00 1.678887e+02 1.229515e+04 1.782993e-09
4.184289e+00 1.716707e+02 1.255287e+04 1.713157e-09
4.271994e+00 1.754910e+02 1.281598e+04 1.645617e-09
4.361538e+00 1.793490e+02 1.308461e+04 1.580324e-09
4.452959e+00 1.832444e+02 1.335888e+04 1.517227e-09
4.546295e+00 1.871765e+02 1.363889e+04 1.456278e-09
4.641589e+00 1.911449e+02 1.392477e+04 1.397425e-09
4.738880e+00 1.951491e+02 1.421664e+04 1.340619e-09
4.838210e+00 1.991887e+02 1.451463e+04 1.285809e-09
4.939622e+00 2.032632e+02 1.481887e+04 1.232945e-09
5.043159e+00 2.073723e+02 1.512948e+04 1.181976e-09
5.148867e+00 2.115154e+02 1.544660e+04 1.132851e-09
5.256791e+00 2.156924e+02 1.577037e+04 1.085522e-09
5.366977e+00 2.199027e+02 1.610093e+04 1.039938e-09
5.479472e+00 2.241462e+02 1.643842e+04 9.960499e-10
5.594326e+00 2.284224e+02 1.678298e+04 9.538091e-10
5.711586e+00 2.327312e+02 1.713476e+04 9.131671e-10
5.831305e+00 2.370722e+02 1.749392e+04 8.740762e-10
5.953533e+00 2.414453e+02 1.786060e+04 8.364892e-10
6.078323e+00 2.458502e+02 1.823497e+04 8.003595e-10
6.205729e+00 2.502867e+02 1.861719e+04 7.656414e-10
6.335805e+00 2.547548e+02 1.900741e+04 7.322898e-10
6.468608e+00 2.592543e+02 1.940582e+04 7.002603e-10
6.604194e+00 2.637851e+02 1.981258e+04 6.695095e-10
6.742622e+00 2.683471e+02 2.022787e+04 6.399948e-10
6.883952e+00 2.729404e+02 2.065186e+04 6.116743e-10
7.028244e+00 2.775648e+02 2.108473e+04 5.845071e-10
7.175561e+00 2.822204e+02 2.152668e+04 5.584532e-10
7.325965e+00 2.869072e+02 2.197790e+04 5.334735e-10
7.479523e+00 2.916254e+02 2.243857e+04 5.095298e-10
7.636298e+00 2.963749e+02 2.290889e+04 4.865850e-10
7.796360e+00 3.011559e+02 2.338908e+04 4.646026e-10
7.959777e+00 3.059685e+02 2.387933e+04 4.435474e-10
8.126619e+00 3.108130e+02 2.437986e+04 4.233850e-10
8.296959e+00 3.156894e+02 2.489088e+04 4.040818e-10
8.470868e+00 3.205981e+02 2.541260e+04 3.856054e-10
8.648423e+00 3.255391e+02 2.594527e+04 3.679242e-10
8.829700e+00 3.305129e+02 2.648910e+04 3.510076e-10
9.014776e+00 3.355196e+02 2.704433e+04 3.348259e-10
9.203732e+00 3.405596e+02 2.761120e+04 3.193502e-10
9.396648e+00 3.456331e+02 2.818994e+04 3.045527e-10
9.593608e+00 3.507406e+02 2.878082e+04 2.904064e-10
9.794697e+00 3.558824e+02 2.938409e+04 2.768851e-10
1.000000e+01 3.610589e+02 3.000000e+04 2.639636e-10
1.020961e+01 3.662704e+02 3.062882e+04 2.516175e-10
1.042361e+01 3.715174e+02 3.127082e+04 2.398232e-10
1.064209e+01 3.768004e+02 3.192628e+04 2.285579e-10
1.086516e+01 3.821197e+02 3.259547e+04 2.177997e-10
1.109290e+01 3.874759e+02 3.327870e+04 2.075275e-10
1.132541e+01 3.928695e+02 3.397624e+04 1.977207e-10
1.156280e+01 3.983009e+02 3.468840e+04 1.883597e-10
1.180517e+01 4.037707e+02 3.541550e+04 1.794257e-10
1.205261e+01 4.092794e+02 3.615783e+04 1.709002e-10
1.230524e+01 4.148275e+02 3.691572e+04 1.627659e-10
1.256317e+01 4.204157e+02 3.768950e+04 1.550057e-10
1.282650e+01 4.260446e+02 3.847949e+04 1.476035e-10
1.309535e+01 4.317146e+02 3.928605e+04 1.405437e-10
1.336984e+01 4.374265e+02 4.010951e+04 1.338113e-10
1.365008e+01 4.431807e+02 4.095023e+04 1.273918e-10
1.393619e+01 4.489781e+02 4.180858e+04 1.212715e-10
1.422830e+01 4.548192e+02 4.268491e+04 1.154371e-10
1.452654e+01 4.607047e+02 4.357962e+04 1.098758e-10
1.483103e+01 4.666352e+02 4.449308e+04 1.045755e-10
1.514189e+01 4.726114e+02 4.542568e+04 9.952442e-11
1.545928e+01 4.786341e+02 4.637783e+04 9.471135e-11
1.578331e+01 4.847039e+02 4.734994e+04 9.012554e-11
1.611414e+01 4.908215e+02 4.834243e+04 8.575667e-11
1.645191e+01 4.969877e+02 4.935572e+04 8.159488e-11
1.679675e+01 5.032031e+02 5.039025e+04 7.763072e-11
1.714882e+01 5.094686e+02 5.144646e+04 7.385514e-11
1.750827e+01 5.157849e+02 5.252481e+04 7.025947e-11
1.787526e+01 5.221528e+02 5.362577e+04 6.683544e-11
1.824993e+01 5.285729e+02 5.474980e+04 6.357511e-11
1.863246e+01 5.350462e+02 5.589739e+04 6.047090e-11
1.902301e+01 5.415734e+02 5.706904e+04 5.751557e-11
1.942175e+01 5.481552e+02 5.826524e+04 5.470218e-11
1.982884e+01 5.547926e+02 5.948652e+04 5.202412e-11
2.024447e+01 5.614862e+02 6.073340e+04 4.947504e-11
2.066880e+01 5.682370e+02 6.200641e+04 4.704891e-11
2.110203e+01 5.750458e+02 6.330610e+04 4.473994e-11
2.154435e+01 5.819133e+02 6.463304e+04 4.254262e-11
2.199593e+01 5.888405e+02 6.598779e+04 4.045169e-11
2.245698e+01 5.958283e+02 6.737094e+04 3.846210e-11
2.292769e+01 6.028774e+02 6.878308e+04 3.656907e-11
2.340827e+01 6.099887e+02 7.022482e+04 3.476800e-11
2.389893e+01 6.171632e+02 7.169678e+04 3.305452e-11
2.439986e+01 6.244017e+02 7.319959e+04 3.142446e-11
2.491130e+01 6.317051e+02 7.473390e+04 2.987385e-11
2.543346e+01 6.390743e+02 7.630037e+04 2.839887e-11
2.596656e+01 6.465102e+02 7.789968e+04 2.699592e-11
2.651084e+01 6.540138e+02 7.953251e+04 2.566153e-11
2.706652e+01 6.615859e+02 8.119956e+04 2.439242e-11
2.763385e+01 6.692276e+02 8.290156e+04 2.318545e-11
2.821308e+01 6.769397e+02 8.463923e+04 2.203762e-11
2.880444e+01 6.847232e+02 8.641332e+04 2.094607e-11
2.940820e+01 6.925791e+02 8.822461e+04 1.990811e-11
3.002462e+01 7.005082e+02 9.007385e+04 1.892112e-11
3.065395e+01 7.085117e+02 9.196186e+04 1.798264e-11
3.129648e+01 7.165905e+02 9.388944e+04 1.709033e-11
3.195248e+01 7.247455e+02 9.585743e+04 1.624194e-11
3.262222e+01 7.329778e+02 9.786666e+04 1.543534e-11
3.330600e+01 7.412884e+02 9.991801e+04 1.466850e-11
3.400412e+01 7.496783e+02 1.020124e+05 1.393947e-11
3.471687e+01 7.581485e+02 1.041506e+05 1.324642e-11
3.544456e+01 7.667001e+02 1.063337e+05 1.258760e-11
3.618750e+01 7.753340e+02 1.085625e+05 1.196132e-11
3.694601e+01 7.840514e+02 1.108380e+05 1.136600e-11
3.772042e+01 7.928533e+02 1.131613e+05 1.080013e-11
3.851107e+01 8.017407e+02 1.155332e+05 1.026226e-11
3.931829e+01 8.107148e+02 1.179549e+05 9.751026e-12
4.014242e+01 8.197766e+02 1.204273e+05 9.265113e-12
4.098384e+01 8.289273e+02 1.229515e+05 8.803281e-12
4.184289e+01 8.381678e+02 1.255287e+05 8.364348e-12
4.271994e+01 8.474994e+02 1.281598e+05 7.947188e-12
4.361538e+01 8.569232e+02 1.308461e+05 7.550730e-12
4.452959e+01 8.664402e+02 1.335888e+05 7.173955e-12
4.546295e+01 8.760517e+02 1.363889e+05 6.815893e-12
4.641589e+01 8.857587e+02 1.392477e+05 6.475621e-12
4.738880e+01 8.955625e+02 1.421664e+05 6.152263e-12
4.838210e+01 9.054642e+02 1.451463e+05 5.844983e-12
4.939622e+01 9.154651e+02 1.481887e+05 5.552987e-12
5.043159e+01 9.255661e+02 1.512948e+05 5.275521e-12
5.148867e+01 9.357687e+02 1.544660e+05 5.011865e-12
5.256791e+01 9.460740e+02 1.577037e+05 4.761337e-12
5.366977e+01 9.564832e+02 1.610093e+05 4.523287e-12
5.479472e+01 9.669976e+02 1.643842e+05 4.297097e-12
5.594326e+01 9.776183e+02 1.678298e+05 4.082179e-12
5.711586e+01 9.883467e+02 1.713476e+05 3.877975e-12
5.831305e+01 9.991841e+02 1.749392e+05 3.683954e-12
5.953533e+01 1.010132e+03 1.786060e+05 3.499610e-12
6.078323e+01 1.021191e+03 1.823497e+05 3.324463e-12
6.205729e+01 1.032363e+03 1.861719e+05 3.158056e-12
6.335805e+01 1.043648e+03 1.900741e+05 2.999955e-12
6.468608e+01 1.055050e+03 1.940582e+05 2.849748e-12
6.604194e+01 1.066568e+03 1.981258e+05 2.707042e-12
6.742622e+01 1.078204e+03 2.022787e+05 2.571465e-12
6.883952e+01 1.089960e+03 2.065186e+05 2.442660e-12
7.028244e+01 1.101837e+03 2.108473e+05 2.320292e-12
7.175561e+01 1.113836e+03 2.152668e+05 2.204040e-12
7.325965e+01 1.125958e+03 2.197790e+05 2.093600e-12
7.479523e+01 1.138206e+03 2.243857e+05 1.988681e-12
7.636298e+01 1.150580e+03 2.290889e+05 1.889009e-12
7.796360e+01 1.163082e+03 2.338908e+05 1.794323e-12
7.959777e+01 1.175713e+03 2.387933e+05 1.704373e-12
8.126619e+01 1.188476e+03 2.437986e+05 1.618924e-12
8.296959e+01 1.201370e+03 2.489088e+05 1.537751e-12
8.470868e+01 1.214399e+03 2.541260e+05 1.460641e-12
8.648423e+01 1.227563e+03 2.594527e+05 1.387391e-12
8.829700e+01 1.240863e+03 2.648910e+05 1.317808e-12
9.014776e+01 1.254303e+03 2.704433e+05 1.251709e-12
9.203732e+01 1.267882e+03 2.761120e+05 1.188920e-12
9.396648e+01 1.281602e+03 2.818994e+05 1.129277e-12
9.593608e+01 1.295466e+03 2.878082e+05 1.072621e-12
9.794697e+01 1.309475e+03 2.938409e+05 1.018803e-12
1.000000e+02 1.323630e+03 3.000000e+05 9.676815e-13
1.020961e+02 1.337932e+03 3.062882e+05 9.191220e-13
1.042361e+02 1.352385e+03 3.127082e+05 8.729960e-13
1.064209e+02 1.366989e+03 3.192628e+05 8.291820e-13
1.086516e+02 1.381746e+03 3.259547e+05 7.875642e-13
1.109290e+02 1.396657e+03 3.327870e+05 7.480328e-13
1.132541e+02 1.411725e+03 3.397624e+05 7.104834e-13
1.156280e+02 1.426951e+03 3.468840e+05 6.748168e-13
1.180517e+02 1.442337e+03 3.541550e+05 6.409387e-13
1.205261e+02 1.457885e+03 3.615783e+05 6.087597e-13
1.230524e+02 1.473596e+03 3.691572e+05 5.781946e-13
1.256317e+02 1.489472e+03 3.768950e+05 5.491627e-13
1.282650e+02 1.505515e+03 3.847949e+05 5.215871e-13
1.309535e+02 1.521727e+03 3.928605e+05 4.953949e-13
1.336984e+02 1.538110e+03 4.010951e+05 4.705168e-13
1.365008e+02 1.554666e+03 4.095023e+05 4.468870e-13
1.393619e+02 1.571396e+03 4.180858e+05 4.244429e-13
1.422830e+02 1.588303e+03 4.268491e+05 4.031251e-13
1.452654e+02 1.605388e+03 4.357962e+05 3.828772e-13
1.483103e+02 1.622653e+03 4.449308e+05 3.636455e-13
1.514189e+02 1.640101e+03 4.542568e+05 3.453790e-13
1.545928e+02 1.657733e+03 4.637783e+05 3.280295e-13
1.578331e+02 1.675551e+03 4.734994e+05 3.115509e-13
1.611414e+02 1.693558e+03 4.834243e+05 2.958996e-13
1.645191e+02 1.711755e+03 4.935572e+05 2.810340e-13
1.679675e+02 1.730144e+03 5.039025e+05 2.669148e-13
1.714882e+02 1.748728e+03 5.144646e+05 2.535045e-13
1.750827e+02 1.767509e+03 5.252481e+05 2.407675e-13
1.787526e+02 1.786489e+03 5.362577e+05 2.286702e-13
1.824993e+02 1.805670e+03 5.474980e+05 2.171803e-13
1.863246e+02 1.825054e+03 5.589739e+05 2.062675e-13
1.902301e+02 1.844643e+03 5.706904e+05 1.959027e-13
1.942175e+02 1.864440e+03 5.826524e+05 1.860585e-13
1.982884e+02 1.884447e+03 5.948652e+05 1.767087e-13
2.024447e+02 1.904666e+03 6.073340e+05 1.678286e-13
2.066880e+02 1.925100e+03 6.200641e+05 1.593945e-13
2.110203e+02 1.945750e+03 6.330610e+05 1.513840e-13
2.154435e+02 1.966620e+03 6.463304e+05 1.437760e-13
2.199593e+02 1.987711e+03 6.598779e+05 1.365501e-13
2.245698e+02 2.009026e+03 6.737094e+05 1.296873e-13
2.292769e+02 2.030567e+03 6.878308e+05 1.231692e-13
2.340827e+02 2.052337e+03 7.022482e+05 1.169786e-13
2.389893e+02 2.074339e+03 7.169678e+05 1.110991e-13
2.439986e+02 2.096574e+03 7.319959e+05 1.055149e-13
2.491130e+02 2.119045e+03 7.473390e+05 1.002114e-13
2.543346e+02 2.141756e+03 7.630037e+05 9.517431e-14
2.596656e+02 2.164708e+03 7.789968e+05 9.039034e-14
2.651084e+02 2.187904e+03 7.953251e+05 8.584676e-14
2.706652e+02 2.211346e+03 8.119956e+05 8.153150e-14
2.763385e+02 2.235038e+03 8.290156e+05 7.743310e-14
2.821308e+02 2.258982e+03 8.463923e+05 7.354065e-14
2.880444e+02 2.283181e+03 8.641332e+05 6.984382e-14
2.940820e+02 2.307637e+03 8.822461e+05 6.633277e-14
3.002462e+02 2.332354e+03 9.007385e+05 6.299818e-14
3.065395e+02 2.357334e+03 9.196186e+05 5.983118e-14
3.129648e+02 2.382579e+03 9.388944e+05 5.682335e-14
3.195248e+02 2.408094e+03 9.585743e+05 5.396670e-14
3.262222e+02 2.433880e+03 9.786666e+05 5.125362e-14
3.330600e+02 2.459940e+03 9.991801e+05 4.867691e-14
3.400412e+02 2.486279e+03 1.020124e+06 4.622971e-14
3.471687e+02 2.512897e+03 1.041506e+06 4.390552e-14
3.544456e+02 2.539800e+03 1.063337e+06 4.169815e-14
3.618750e+02 2.566989e+03 1.085625e+06 3.960174e-14
3.694601e+02 2.594467e+03 1.108380e+06 3.761071e-14
3.772042e+02 2.622239e+03 1.131613e+06 3.571976e-14
3.851107e+02 2.650306e+03 1.155332e+06 3.392386e-14
3.931829e+02 2.678673e+03 1.179549e+06 3.221825e-14
4.014242e+02 2.707342e+03 1.204273e+06 3.059837e-14
4.098384e+02 2.736317e+03 1.229515e+06 2.905992e-14
4.184289e+02 2.765600e+03 1.255287e+06 2.759882e-14
4.271994e+02 2.795196e+03 1.281598e+06 2.621116e-14
4.361538e+02 2.825107e+03 1.308461e+06 2.489327e-14
4.452959e+02 2.855337e+03 1.335888e+06 2.364163e-14
4.546295e+02 2.885890e+03 1.363889e+06 2.245292e-14
4.641589e+02 2.916768e+03 1.392477e+06 2.132396e-14
4.738880e+02 2.947976e+03 1.421664e+06 2.025177e-14
4.838210e+02 2.979517e+03 1.451463e+06 1.923347e-14
4.939622e+02 3.011394e+03 1.481887e+06 1.826638e-14
5.043159e+02 3.043611e+03 1.512948e+06 1.734790e-14
5.148867e+02 3.076172e+03 1.544660e+06 1.647561e-14
5.256791e+02 3.109080e+03 1.577037e+06 1.564717e-14
5.366977e+02 3.142339e+03 1.610093e+06 1.486038e-14
5.479472e+02 3.175954e+03 1.643842e+06 1.411315e-14
5.594326e+02 3.209927e+03 1.678298e+06 1.340349e-14
5.711586e+02 3.244262e+03 1.713476e+06 1.272951e-14
5.831305e+02 3.278964e+03 1.749392e+06 1.208942e-14
5.953533e+02 3.314036e+03 1.786060e+06 1.148151e-14
6.078323e+02 3.349483e+03 1.823497e+06 1.090416e-14
6.205729e+02 3.385307e+03 1.861719e+06 1.035585e-14
6.335805e+02 3.421515e+03 1.900741e+06 9.835105e-15
6.468608e+02 3.458108e+03 1.940582e+06 9.340544e-15
6.604194e+02 3.495093e+03 1.981258e+06 8.870850e-15
6.742622e+02 3.532472e+03 2.022787e+06 8.424773e-15
6.883952e+02 3.570250e+03 2.065186e+06 8.001126e-15
7.028244e+02 3.608432e+03 2.108473e+06 7.598781e-15
7.175561e+02 3.647021e+03 2.152668e+06 7.216667e-15
7.325965e+02 3.686022e+03 2.197790e+06 6.853767e-15
7.479523e+02 3.725440e+03 2.243857e+06 6.509114e-15
7.636298e+02 3.765278e+03 2.290889e+06 6.181792e-15
7.796360e+02 3.805542e+03 2.338908e+06 5.870929e-15
7.959777e+02 3.846236e+03 2.387933e+06 5.575697e-15
8.126619e+02 3.887364e+03 2.437986e+06 5.295311e-15
8.296959e+02 3.928932e+03 2.489088e+06 5.029024e-15
8.470868e+02 3.970943e+03 2.541260e+06 4.776127e-15
8.648423e+02 4.013403e+03 2.594527e+06 4.535947e-15
8.829700e+02 4.056317e+03 2.648910e+06 4.307844e-15
9.014776e+02 4.099688e+03 2.704433e+06 4.091212e-15
9.203732e+02 4.143523e+03 2.761120e+06 3.885473e-15
9.396648e+02 4.187827e+03 2.818994e+06 3.690080e-15
9.593608e+02 4.232603e+03 2.878082e+06 3.504512e-15
9.794697e+02 4.277858e+03 2.938409e+06 3.328276e-15
1.000000e+03 4.323596e+03 3.000000e+06 3.160902e-15
1.020961e+03 4.369822e+03 3.062882e+06 3.001945e-15
1.042361e+03 4.416542e+03 3.127082e+06 2.850981e-15
1.064209e+03 4.463762e+03 3.192628e+06 2.707609e-15
1.086516e+03 4.511485e+03 3.259547e+06 2.571446e-15
1.109290e+03 4.559719e+03 3.327870e+06 2.442131e-15
1.132541e+03 4.608468e+03 3.397624e+06 2.319318e-15
1.156280e+03 4.657737e+03 3.468840e+06 2.202682e-15
1.180517e+03 4.707533e+03 3.541550e+06 2.091911e-15
1.205261e+03 4.757861e+03 3.615783e+06 1.986710e-15
1.230524e+03 4.808726e+03 3.691572e+06 1.886800e-15
1.256317e+03 4.860135e+03 3.768950e+06 1.791913e-15
1.282650e+03 4.912093e+03 3.847949e+06 1.701799e-15
1.309535e+03 4.964607e+03 3.928605e+06 1.616216e-15
1.336984e+03 5.017681e+03 4.010951e+06 1.534937e-15
1.365008e+03 5.071322e+03 4.095023e+06 1.457746e-15
1.393619e+03 5.125536e+03 4.180858e+06 1.384436e-15
1.422830e+03 5.180330e+03 4.268491e+06 1.314813e-15
1.452654e+03 5.235709e+03 4.357962e+06 1.248691e-15
1.483103e+03 5.291680e+03 4.449308e+06 1.185894e-15
1.514189e+03 5.348248e+03 4.542568e+06 1.126256e-15
1.545928e+03 5.405421e+03 4.637783e+06 1.069616e-15
1.578331e+03 5.463205e+03 4.734994e+06 1.015825e-15
1.611414e+03 5.521607e+03 4.834243e+06 9.647390e-16
1.645191e+03 5.580632e+03 4.935572e+06 9.162220e-16
1.679675e+03 5.640288e+03 5.039025e+06 8.701449e-16
1.714882e+03 5.700582e+03 5.144646e+06 8.263850e-16
1.750827e+03 5.761519e+03 5.252481e+06 7.848258e-16
1.787526e+03 5.823108e+03 5.362577e+06 7.453566e-16
1.824993e+03 5.885355e+03 5.474980e+06 7.078722e-16
1.863246e+03 5.948267e+03 5.589739e+06 6.722730e-16
1.902301e+03 6.011852e+03 5.706904e+06 6.384640e-16
1.942175e+03 6.076115e+03 5.826524e+06 6.063552e-16
1.982884e+03 6.141066e+03 5.948652e+06 5.758612e-16
2.024447e+03 6.206711e+03 6.073340e+06 5.469008e-16
2.066880e+03 6.273057e+03 6.200641e+06 5.193968e-16
2.110203e+03 6.340112e+03 6.330610e+06 4.932759e-16
2.154435e+03 6.407883e+03 6.463304e+06 4.684687e-16
2.199593e+03 6.476379e+03 6.598779e+06 4.449090e-16
2.245698e+03 6.545606e+03 6.737094e+06 4.225342e-16
2.292769e+03 6.615574e+03 6.878308e+06 4.012845e-16
2.340827e+03 6.686289e+03 7.022482e+06 3.811036e-16
2.389893e+03 6.757760e+03 7.169678e+06 3.619375e-16
2.439986e+03 6.829995e+03 7.319959e+06 3.437353e-16
2.491130e+03 6.903001e+03 7.473390e+06 3.264485e-16
2.543346e+03 6.976788e+03 7.630037e+06 3.100311e-16
2.596656e+03 7.051363e+03 7.789968e+06 2.944393e-16
2.651084e+03 7.126735e+03 7.953251e+06 2.796317e-16
2.706652e+03 7.202913e+03 8.119956e+06 2.655687e-16
2.763385e+03 7.279905e+03 8.290156e+06 2.522129e-16
2.821308e+03 7.357719e+03 8.463923e+06 2.395289e-16
2.880444e+03 7.436366e+03 8.641332e+06 2.274827e-16
2.940820e+03 7.515852e+03 8.822461e+06 2.160423e-16
3.002462e+03 7.596188e+03 9.007385e+06 2.051773e-16
3.065395e+03 7.677383e+03 9.196186e+06 1.948587e-16
3.129648e+03 7.759445e+03 9.388944e+06 1.850590e-16
3.195248e+03 7.842385e+03 9.585743e+06 1.757521e-16
3.262222e+03 7.926211e+03 9.786666e+06 1.669133e-16
3.330600e+03 8.010932e+03 9.991801e+06 1.585191e-16
3.400412e+03 8.096559e+03 1.020124e+07 1.505469e-16
3.471687e+03 8.183101e+03 1.041506e+07 1.429757e-16
3.544456e+03 8.270568e+03 1.063337e+07 1.357853e-16
3.618750e+03 8.358970e+03 1.085625e+07 1.289565e-16
3.694601e+03 8.448317e+03 1.108380e+07 1.224711e-16
3.772042e+03 8.538618e+03 1.131613e+07 1.163118e-16
3.851107e+03 8.629885e+03 1.155332e+07 1.104623e-16
3.931829e+03 8.722127e+03 1.179549e+07 1.049070e-16
4.014242e+03 8.815355e+03 1.204273e+07 9.963111e-17
4.098384e+03 8.909579e+03 1.229515e+07 9.462052e-17
4.184289e+03 9.004810e+03 1.255287e+07 8.986191e-17
4.271994e+03 9.101059e+03 1.281598e+07 8.534263e-17
4.361538e+03 9.198336e+03 1.308461e+07 8.105062e-17
4.452959e+03 9.296654e+03 1.335888e+07 7.697446e-17
4.546295e+03 9.396022e+03 1.363889e+07 7.310330e-17
4.641589e+03 9.496452e+03 1.392477e+07 6.942683e-17
4.738880e+03 9.597955e+03 1.421664e+07 6.593525e-17
4.838210e+03 9.700543e+03 1.451463e+07 6.261927e-17
4.939622e+03 9.804228e+03 1.481887e+07 5.947005e-17
5.043159e+03 9.909020e+03 1.512948e+07 5.647921e-17
5.148867e+03 1.001493e+04 1.544660e+07 5.363878e-17
5.256791e+03 1.012198e+04 1.577037e+07 5.094120e-17
5.366977e+03 1.023017e+04 1.610093e+07 4.837929e-17
5.479472e+03 1.033951e+04 1.643842e+07 4.594622e-17
5.594326e+03 1.045003e+04 1.678298e+07 4.363551e-17
5.711586e+03 1.056172e+04 1.713476e+07 4.144101e-17
5.831305e+03 1.067461e+04 1.749392e+07 3.935688e-17
5.953533e+03 1.078870e+04 1.786060e+07 3.737756e-17
6.078323e+03 1.090402e+04 1.823497e+07 3.549778e-17
6.205729e+03 1.102057e+04 1.861719e+07 3.371254e-17
6.335805e+03 1.113836e+04 1.900741e+07 3.201708e-17
6.468608e+03 1.125741e+04 1.940582e+07 3.040689e-17
6.604194e+03 1.137773e+04 1.981258e+07 2.887768e-17
6.742622e+03 1.149934e+04 2.022787e+07 2.742537e-17
6.883952e+03 1.162225e+04 2.065186e+07 2.604611e-17
7.028244e+03 1.174648e+04 2.108473e+07 2.473620e-17
7.175561e+03 1.187203e+04 2.152668e+07 2.349218e-17
7.325965e+03 1.199892e+04 2.197790e+07 2.231072e-17
7.479523e+03 1.212717e+04 2.243857e+07 2.118868e-17
7.636298e+03 1.225679e+04 2.290889e+07 2.012306e-17
7.796360e+03 1.238779e+04 2.338908e+07 1.911104e-17
7.959777e+03 1.252020e+04 2.387933e+07 1.814991e-17
8.126619e+03 1.265402e+04 2.437986e+07 1.723712e-17
8.296959e+03 1.278927e+04 2.489088e+07 1.637024e-17
8.470868e+03 1.292597e+04 2.541260e+07 1.554695e-17
8.648423e+03 1.306412e+04 2.594527e+07 1.476507e-17
8.829700e+03 1.320376e+04 2.648910e+07 1.402251e-17
9.014776e+03 1.334489e+04 2.704433e+07 1.331729e-17
9.203732e+03 1.348752e+04 2.761120e+07 1.264754e-17
9.396648e+03 1.363168e+04 2.818994e+07 1.201148e-17
9.593608e+03 1.377738e+04 2.878082e+07 1.140740e-17
9.794697e+03 1.392464e+04 2.938409e+07 1.083370e-17
1.000000e+04 1.407347e+04 3.000000e+07 1.028886e-17
1.020961e+04 1.422389e+04 3.062882e+07 9.771412e-18
1.042361e+04 1.437592e+04 3.127082e+07 9.279991e-18
1.064209e+04 1.452957e+04 3.192628e+07 8.813284e-18
1.086516e+04 1.468487e+04 3.259547e+07 8.370049e-18
1.109290e+04 1.484183e+04 3.327870e+07 7.949104e-18
1.132541e+04 1.500046e+04 3.397624e+07 7.549330e-18
1.156280e+04 1.516079e+04 3.468840e+07 7.169661e-18
1.180517e+04 1.532283e+04 3.541550e+07 6.809086e-18
1.205261e+04 1.548661e+04 3.615783e+07 6.466645e-18
1.230524e+04 1.565213e+04 3.691572e+07 6.141427e-18
1.256317e+04 1.581943e+04 3.768950e+07 5.832564e-18
1.282650e+04 1.598851e+04 3.847949e+07 5.539234e-18
1.309535e+04 1.615940e+04 3.928605e+07 5.260656e-18
1.336984e+04 1.633212e+04 4.010951e+07 4.996088e-18
1.365008e+04 1.650668e+04 4.095023e+07 4.744826e-18
1.393619e+04 1.668311e+04 4.180858e+07 4.506201e-18
1.422830e+04 1.686142e+04 4.268491e+07 4.279576e-18
1.452654e+04 1.704164e+04 4.357962e+07 4.064348e-18
1.483103e+04 1.722379e+04 4.449308e+07 3.859945e-18
1.514189e+04 1.740788e+04 4.542568e+07 3.665822e-18
1.545928e+04 1.759394e+04 4.637783e+07 3.481461e-18
1.578331e+04 1.778199e+04 4.734994e+07 3.306372e-18
1.611414e+04 1.797205e+04 4.834243e+07 3.140089e-18
1.645191e+04 1.816414e+04 4.935572e+07 2.982168e-18
1.679675e+04 1.835828e+04 5.039025e+07 2.832190e-18
1.714882e+04 1.855450e+04 5.144646e+07 2.689754e-18
1.750827e+04 1.875282e+04 5.252481e+07 2.554481e-18
1.787526e+04 1.895325e+04 5.362577e+07 2.426012e-18
1.824993e+04 1.915583e+04 5.474980e+07 2.304003e-18
1.863246e+04 1.936057e+04 5.589739e+07 2.188131e-18
1.902301e+04 1.956750e+04 5.706904e+07 2.078086e-18
1.942175e+04 1.977664e+04 5.826524e+07 1.973575e-18
1.982884e+04 1.998802e+04 5.948652e+07 1.874321e-18
2.024447e+04 2.020166e+04 6.073340e+07 1.780058e-18
2.066880e+04 2.041758e+04 6.200641e+07 1.690536e-18
2.110203e+04 2.063581e+04 6.330610e+07 1.605515e-18
2.154435e+04 2.085637e+04 6.463304e+07 1.524771e-18
2.199593e+04 2.107929e+04 6.598779e+07 1.448088e-18
2.245698e+04 2.130459e+04 6.737094e+07 1.375261e-18
2.292769e+04 2.153230e+04 6.878308e+07 1.306096e-18
2.340827e+04 2.176244e+04 7.022482e+07 1.240411e-18
2.389893e+04 2.199504e+04 7.169678e+07 1.178028e-18
2.439986e+04 2.223013e+04 7.319959e+07 1.118783e-18
2.491130e+04 2.246773e+04 7.473390e+07 1.062517e-18
2.543346e+04 2.270787e+04 7.630037e+07 1.009081e-18
2.596656e+04 2.295058e+04 7.789968e+07 9.583329e-19
2.651084e+04 2.319588e+04 7.953251e+07 9.101366e-19
2.706652e+04 2.344381e+04 8.119956e+07 8.643642e-19
2.763385e+04 2.369438e+04 8.290156e+07 8.208938e-19
2.821308e+04 2.394763e+04 8.463923e+07 7.796096e-19
2.880444e+04 2.420359e+04 8.641332e+07 7.404016e-19
2.940820e+04 2.446228e+04 8.822461e+07 7.031655e-19
3.002462e+04 2.472374e+04 9.007385e+07 6.678020e-19
3.065395e+04 2.498799e+04 9.196186e+07 6.342170e-19
3.129648e+04 2.525507e+04 9.388944e+07 6.023211e-19
3.195248e+04 2.552500e+04 9.585743e+07 5.720293e-19
3.262222e+04 2.579782e+04 9.786666e+07 5.432609e-19
3.330600e+04 2.607355e+04 9.991801e+07 5.159394e-19
3.400412e+04 2.635224e+04 1.020124e+08 4.899918e-19
3.471687e+04 2.663389e+04 1.041506e+08 4.653493e-19
3.544456e+04 2.691856e+04 1.063337e+08 4.419460e-19
3.618750e+04 2.720628e+04 1.085625e+08 4.197197e-19
3.694601e+04 2.749706e+04 1.108380e+08 3.986113e-19
3.772042e+04 2.779096e+04 1.131613e+08 3.785644e-19
3.851107e+04 2.808799e+04 1.155332e+08 3.595257e-19
3.931829e+04 2.838821e+04 1.179549e+08 3.414445e-19
4.014242e+04 2.869163e+04 1.204273e+08 3.242726e-19
4.098384e+04 2.899829e+04 1.229515e+08 3.079644e-19
4.184289e+04 2.930823e+04 1.255287e+08 2.924763e-19
4.271994e+04 2.962148e+04 1.281598e+08 2.777671e-19
4.361538e+04 2.993808e+04 1.308461e+08 2.637977e-19
4.452959e+04 3.025807e+04 1.335888e+08 2.505309e-19
4.546295e+04 3.058147e+04 1.363889e+08 2.379312e-19
4.641589e+04 3.090834e+04 1.392477e+08 2.259652e-19
4.738880e+04 3.123869e+04 1.421664e+08 2.146010e-19
4.838210e+04 3.157258e+04 1.451463e+08 2.038083e-19
4.939622e+04 3.191003e+04 1.481887e+08 1.935585e-19
5.043159e+04 3.225110e+04 1.512948e+08 1.838241e-19
5.148867e+04 3.259580e+04 1.544660e+08 1.745792e-19
5.256791e+04 3.294419e+04 1.577037e+08 1.657993e-19
5.366977e+04 3.329631e+04 1.610093e+08 1.574610e-19
5.479472e+04 3.365219e+04 1.643842e+08 1.495420e-19
5.594326e+04 3.401187e+04 1.678298e+08 1.420212e-19
5.711586e+04 3.437540e+04 1.713476e+08 1.348787e-19
5.831305e+04 3.474281e+04 1.749392e+08 1.280954e-19
5.953533e+04 3.511415e+04 1.786060e+08 1.216533e-19
6.078323e+04 3.548946e+04 1.823497e+08 1.155351e-19
6.205729e+04 3.586878e+04 1.861719e+08 1.097246e-19
6.335805e+04 3.625215e+04 1.900741e+08 1.042064e-19
6.468608e+04 3.663962e+04 1.940582e+08 9.896566e-20
6.604194e+04 3.703123e+04 1.981258e+08 9.398850e-20
6.742622e+04 3.742703e+04 2.022787e+08 8.926164e-20
6.883952e+04 3.782706e+04 2.065186e+08 8.477251e-20
7.028244e+04 3.823137e+04 2.108473e+08 8.050915e-20
7.175561e+04 3.863999e+04 2.152668e+08 7.646020e-20
7.325965e+04 3.905298e+04 2.197790e+08 7.261488e-20
7.479523e+04 3.947039e+04 2.243857e+08 6.896294e-20
7.636298e+04 3.989226e+04 2.290889e+08 6.549467e-20
7.796360e+04 4.031864e+04 2.338908e+08 6.220083e-20
7.959777e+04 4.074957e+04 2.387933e+08 5.907263e-20
8.126619e+04 4.118511e+04 2.437986e+08 5.610176e-20
8.296959e+04 4.162531e+04 2.489088e+08 5.328030e-20
8.470868e+04 4.207021e+04 2.541260e+08 5.060074e-20
8.648423e+04 4.251987e+04 2.594527e+08 4.805594e-20
8.829700e+04 4.297433e+04 2.648910e+08 4.563912e-20
9.014776e+04 4.343365e+04 2.704433e+08 4.334384e-20
9.203732e+04 4.389788e+04 2.761120e+08 4.116400e-20
9.396648e+04 4.436707e+04 2.818994e+08 3.909379e-20
9.593608e+04 4.484127e+04 2.878082e+08 3.712769e-20
9.794697e+04 4.532055e+04 2.938409e+08 3.526047e-20
1.000000e+05 4.580494e+04 3.000000e+08 3.348716e-20
1.020961e+05 4.629452e+04 3.062882e+08 3.180303e-20
1.042361e+05 4.678932e+04 3.127082e+08 3.020360e-20
1.064209e+05 4.728942e+04 3.192628e+08 2.868460e-20
1.086516e+05 4.779486e+04 3.259547e+08 2.724200e-20
1.109290e+05 4.830570e+04 3.327870e+08 2.587195e-20
1.132541e+05 4.882200e+04 3.397624e+08 2.457081e-20
1.156280e+05 4.934382e+04 3.468840e+08 2.333510e-20
1.180517e+05 4.987122e+04 3.541550e+08 2.216153e-20
1.205261e+05 5.040426e+04 3.615783e+08 2.104699e-20
1.230524e+05 5.094299e+04 3.691572e+08 1.998850e-20
1.256317e+05 5.148748e+04 3.768950e+08 1.898324e-20
1.282650e+05 5.203779e+04 3.847949e+08 1.802854e-20
1.309535e+05 5.259398e+04 3.928605e+08 1.712185e-20
1.336984e+05 5.315612e+04 4.010951e+08 1.626076e-20
1.365008e+05 5.372426e+04 4.095023e+08 1.544298e-20
1.393619e+05 5.429848e+04 4.180858e+08 1.466632e-20
1.422830e+05 5.487883e+04 4.268491e+08 1.392873e-20
1.452654e+05 5.546539e+04 4.357962e+08 1.322822e-20
1.483103e+05 5.605822e+04 4.449308e+08 1.256295e-20
1.514189e+05 5.665738e+04 4.542568e+08 1.193114e-20
1.545928e+05 5.726295e+04 4.637783e+08 1.133110e-20
1.578331e+05 5.787499e+04 4.734994e+08 1.076124e-20
1.611414e+05 5.849357e+04 4.834243e+08 1.022004e-20
1.645191e+05 5.911876e+04 4.935572e+08 9.706053e-21
1.679675e+05 5.975063e+04 5.039025e+08 9.217917e-21
1.714882e+05 6.038926e+04 5.144646e+08 8.754332e-21
1.750827e+05 6.103472e+04 5.252481e+08 8.314060e-21
1.787526e+05 6.168707e+04 5.362577e+08 7.895931e-21
1.824993e+05 6.234639e+04 5.474980e+08 7.498830e-21
1.863246e+05 6.301277e+04 5.589739e+08 7.121701e-21
1.902301e+05 6.368626e+04 5.706904e+08 6.763537e-21
1.942175e+05 6.436695e+04 5.826524e+08 6.423387e-21
1.982884e+05 6.505492e+04 5.948652e+08 6.100343e-21
2.024447e+05 6.575024e+04 6.073340e+08 5.793546e-21
2.066880e+05 6.645300e+04 6.200641e+08 5.502178e-21
2.110203e+05 6.716326e+04 6.330610e+08 5.225463e-21
2.154435e+05 6.788112e+04 6.463304e+08 4.962665e-21
2.199593e+05 6.860665e+04 6.598779e+08 4.713084e-21
2.245698e+05 6.933993e+04 6.737094e+08 4.476054e-21
2.292769e+05 7.008105e+04 6.878308e+08 4.250945e-21
2.340827e+05 7.083009e+04 7.022482e+08 4.037157e-21
2.389893e+05 7.158714e+04 7.169678e+08 3.834121e-21
2.439986e+05 7.235228e+04 7.319959e+08 3.641297e-21
2.491130e+05 7.312560e+04 7.473390e+08 3.458169e-21
2.543346e+05 7.390718e+04 7.630037e+08 3.284251e-21
2.596656e+05 7.469712e+04 7.789968e+08 3.119080e-21
2.651084e+05 7.549550e+04 7.953251e+08 2.962216e-21
2.706652e+05 7.630241e+04 8.119956e+08 2.813241e-21
2.763385e+05 7.711795e+04 8.290156e+08 2.671758e-21
2.821308e+05 7.794220e+04 8.463923e+08 2.537390e-21
2.880444e+05 7.877527e+04 8.641332e+08 2.409780e-21
2.940820e+05 7.961723e+04 8.822461e+08 2.288588e-21
3.002462e+05 8.046820e+04 9.007385e+08 2.173491e-21
3.065395e+05 8.132826e+04 9.196186e+08 2.064182e-21
3.129648e+05 8.219752e+04 9.388944e+08 1.960371e-21
3.195248e+05 8.307606e+04 9.585743e+08 1.861780e-21
3.262222e+05 8.396400e+04 9.786666e+08 1.768148e-21
3.330600e+05 8.486143e+04 9.991801e+08 1.679224e-21
3.400412e+05 8.576844e+04 1.020124e+09 1.594773e-21
3.471687e+05 8.668516e+04 1.041506e+09 1.514569e-21
3.544456e+05 8.761167e+04 1.063337e+09 1.438399e-21
3.618750e+05 8.854808e+04 1.085625e+09 1.366059e-21
3.694601e+05 8.949450e+04 1.108380e+09 1.297357e-21
3.772042e+05 9.045104e+04 1.131613e+09 1.232111e-21
3.851107e+05 9.141780e+04 1.155332e+09 1.170146e-21
3.931829e+05 9.239489e+04 1.179549e+09 1.111297e-21
4.014242e+05 9.338243e+04 1.204273e+09 1.055408e-21
4.098384e+05 9.438052e+04 1.229515e+09 1.002330e-21
4.184289e+05 9.538928e+04 1.255287e+09 9.519206e-22
4.271994e+05 9.640883e+04 1.281598e+09 9.040467e-22
4.361538e+05 9.743927e+04 1.308461e+09 8.585806e-22
4.452959e+05 9.848072e+04 1.335888e+09 8.154010e-22
4.546295e+05 9.953330e+04 1.363889e+09 7.743930e-22
4.641589e+05 1.005971e+05 1.392477e+09 7.354474e-22
4.738880e+05 1.016723e+05 1.421664e+09 6.984604e-22
4.838210e+05 1.027590e+05 1.451463e+09 6.633335e-22
4.939622e+05 1.038574e+05 1.481887e+09 6.299733e-22
5.043159e+05 1.049674e+05 1.512948e+09 5.982908e-22
5.148867e+05 1.060893e+05 1.544660e+09 5.682017e-22
5.256791e+05 1.072232e+05 1.577037e+09 5.396258e-22
5.366977e+05 1.083692e+05 1.610093e+09 5.124870e-22
5.479472e+05 1.095275e+05 1.643842e+09 4.867131e-22
5.594326e+05 1.106982e+05 1.678298e+09 4.622354e-22
5.711586e+05 1.118813e+05 1.713476e+09 4.389887e-22
5.831305e+05 1.130772e+05 1.749392e+09 4.169112e-22
5.953533e+05 1.142858e+05 1.786060e+09 3.959440e-22
6.078323e+05 1.155073e+05 1.823497e+09 3.760312e-22
6.205729e+05 1.167418e+05 1.861719e+09 3.571199e-22
6.335805e+05 1.179896e+05 1.900741e+09 3.391597e-22
6.468608e+05 1.192507e+05 1.940582e+09 3.221028e-22
6.604194e+05 1.205253e+05 1.981258e+09 3.059036e-22
6.742622e+05 1.218135e+05 2.022787e+09 2.905192e-22
6.883952e+05 1.231154e+05 2.065186e+09 2.759084e-22
7.028244e+05 1.244313e+05 2.108473e+09 2.620325e-22
7.175561e+05 1.257613e+05 2.152668e+09 2.488544e-22
7.325965e+05 1.271054e+05 2.197790e+09 2.363391e-22
7.479523e+05 1.284640e+05 2.243857e+09 2.244532e-22
7.636298e+05 1.298370e+05 2.290889e+09 2.131650e-22
7.796360e+05 1.312248e+05 2.338908e+09 2.024445e-22
7.959777e+05 1.326273e+05 2.387933e+09 1.922632e-22
8.126619e+05 1.340449e+05 2.437986e+09 1.825940e-22
8.296959e+05 1.354776e+05 2.489088e+09 1.734110e-22
8.470868e+05 1.369256e+05 2.541260e+09 1.646898e-22
8.648423e+05 1.383891e+05 2.594527e+09 1.564073e-22
8.829700e+05 1.398682e+05 2.648910e+09 1.485413e-22
9.014776e+05 1.413632e+05 2.704433e+09 1.410709e-22
9.203732e+05 1.428741e+05 2.761120e+09 1.339762e-22
9.396648e+05 1.444011e+05 2.818994e+09 1.272382e-22
9.593608e+05 1.459445e+05 2.878082e+09 1.208392e-22
9.794697e+05 1.475044e+05 2.938409e+09 1.147620e-22
1.000000e+06 1.490810e+05 3.000000e+09 1.089904e-22
