# Parameters:
# (Omega_m)*h^2 = 0.134400, (Omega_b)*h^2 = 0.022460, n_s = 0.961000, sigma_8 = 0.807000, w = -1.000000
# z = 0.058824
#
# sound horizon: 146.49 Mpc
# z_lss: 1091.03
# d_lss from CMB: 14100.7 Mpc
# dimensionless Hubble parameter derived from CMB constraint: 0.703
#
# k[1/Mpc] P(k):
0.004833 62421.486432 
0.006835 72984.386571 
0.008371 77309.997995 
0.009666 78959.869424 
0.010810 79215.609269 
0.011840 78804.028250 
0.014260 75487.812294 
0.015280 73245.935690 
0.016210 70967.354360 
0.017860 66805.062445 
0.019330 63042.214241 
0.020170 60860.105426 
0.021340 57836.716168 
0.022320 55381.923619 
0.023680 52161.454006 
0.024650 50025.151096 
0.026210 46875.153598 
0.027680 44252.775922 
0.028530 42893.117257 
0.029700 41200.307715 
0.031000 39538.845257 
0.032200 38173.905464 
0.032880 37462.156049 
0.034240 36152.200825 
0.035550 35019.549644 
0.036860 34005.447714 
0.037950 33244.916892 
0.039290 32402.420519 
0.040400 31768.539058 
0.041640 31107.613557 
0.042940 30444.367366 
0.044150 29829.668452 
0.045430 29164.964443 
0.046610 28522.027699 
0.047820 27826.938790 
0.048930 27157.635667 
0.050310 26277.317814 
0.051560 25449.669259 
0.052380 24896.160466 
0.053780 23932.517102 
0.055130 23005.801374 
0.056280 22226.820127 
0.057350 21518.299419 
0.058700 20655.557546 
0.059890 19930.998137 
0.061140 19210.705440 
0.062260 18604.398132 
0.063400 18026.912362 
0.064800 17372.789856 
0.066010 16855.688117 
0.067250 16371.189566 
0.068290 15998.868941 
0.069590 15574.203361 
0.070710 15242.471600 
0.071920 14914.844350 
0.073070 14633.379106 
0.074120 14395.606307 
0.075500 14110.332367 
0.076630 13895.264524 
0.077910 13667.141597 
0.079130 13462.076751 
0.080280 13275.973728 
0.081380 13102.287372 
0.082720 12892.401747 
0.084060 12682.747444 
0.085340 12478.228572 
0.086540 12283.097444 
0.087600 12105.731865 
0.089000 11864.756650 
0.090090 11672.236476 
0.091130 11484.804820 
0.092400 11250.263336 
0.093580 11029.812614 
0.094960 10770.326327 
0.096080 10559.661221 
0.097280 10335.759457 
0.098530 10106.396859 
0.099740 9889.644477 
0.100900 9688.163815 
0.102100 9487.459387 
0.103400 9280.006197 
0.104600 9098.331930 
0.105700 8940.317799 
0.106900 8778.606567 
0.108200 8614.521122 
0.109400 8473.318609 
0.110500 8351.525001 
0.111700 8227.758703 
0.113000 8102.574271 
0.114200 7994.112595 
0.115300 7899.732169 
0.116600 7794.279335 
0.117800 7701.076503 
0.119000 7611.027833 
0.120100 7530.739446 
0.121300 7444.831391 
0.122700 7345.954975 
0.123900 7261.581137 
0.125100 7177.768447 
0.126300 7093.261051 
0.127600 7001.779441 
0.128800 6916.816418 
0.130000 6831.583995 
0.131100 6753.081266 
0.132400 6660.477379 
0.133600 6574.900815 
0.134700 6497.022102 
0.136000 6405.325031 
0.137200 6321.841418 
0.138400 6239.378201 
0.139600 6158.359243 
0.140800 6078.943336 
0.142000 6001.381160 
0.143300 5919.491940 
0.144400 5852.147136 
0.145600 5780.876076 
0.146900 5705.992670 
0.148000 5644.717913 
0.149200 5580.174122 
0.150400 5517.680729 
0.151600 5457.178606 
0.152800 5398.851843 
0.154000 5342.399103 
0.155200 5287.615763 
0.156400 5234.396544 
0.157700 5178.502817 
0.158900 5128.209907 
0.160100 5079.041282 
0.161300 5030.877199 
0.162500 4983.600354 
0.163800 4933.216948 
0.165000 4887.395715 
0.166200 4842.161053 
0.167400 4797.453579 
0.168500 4756.876902 
0.169800 4709.376276 
0.171000 4665.980624 
0.172200 4623.034050 
0.173400 4580.548752 
0.174600 4538.545897 
0.175900 4493.623153 
0.177100 4452.709842 
0.178300 4412.365807 
0.179500 4372.619593 
0.180700 4333.513027 
0.181900 4295.066433 
0.183000 4260.413927 
0.184200 4223.277087 
0.185500 4183.830496 
0.186700 4148.136017 
0.187900 4113.130852 
0.189100 4078.804657 
0.190300 4045.140102 
0.191500 4012.119702 
0.192700 3979.721619 
0.193900 3947.921769 
0.195200 3914.113852 
0.196300 3886.006490 
0.197500 3855.843779 
0.198800 3823.721702 
0.200000 3794.557340 
0.201300 3763.462316 
0.202300 3739.880731 
0.203600 3709.645712 
0.204900 3679.863619 
0.206000 3655.006010 
0.207200 3628.232209 
0.208400 3601.809934 
0.209700 3573.569486 
0.210900 3547.850793 
0.212100 3522.460538 
0.213300 3497.398382 
0.214500 3472.663132 
0.215700 3448.253303 
0.216900 3424.166930 
0.218100 3400.406350 
0.219300 3376.971422 
0.220600 3351.950492 
0.221800 3329.192403 
0.223000 3306.761113 
0.224100 3286.499066 
0.225400 3262.901167 
0.226500 3243.233003 
0.227700 3222.086757 
0.229000 3199.540061 
0.230200 3179.056406 
0.231400 3158.898660 
0.232600 3139.063348 
0.233800 3119.532443 
0.235000 3100.299783 
0.236200 3081.360451 
0.237400 3062.708052 
0.238600 3044.361422 
0.239900 3024.793898 
0.241000 3008.483271 
0.242200 2990.937521 
0.243500 2972.215843 
0.244700 2955.197980 
0.245900 2938.426384 
0.247100 2921.881877 
0.248300 2905.557432 
0.249600 2888.116105 
0.250800 2872.239857 
0.252000 2856.565070 
0.253200 2841.081393 
0.254400 2825.783992 
0.255600 2810.669217 
0.256800 2795.729374 
0.258000 2780.957158 
0.259200 2766.348107 
0.260400 2751.896821 
0.261600 2737.597150 
0.262800 2723.445341 
0.264100 2708.278228 
0.265200 2695.571122 
0.266400 2681.836741 
0.267600 2668.237283 
0.268800 2654.770031 
0.270100 2640.315441 
0.271200 2628.199296 
0.272500 2614.015417 
0.273700 2601.046329 
0.274900 2588.189662 
0.276100 2575.452029 
0.277300 2562.832514 
0.278500 2550.316240 
0.279700 2537.915234 
0.280900 2525.629284 
0.282100 2513.445823 
0.283400 2500.371588 
0.284600 2488.417611 
0.285800 2476.569391 
0.287000 2464.824814 
0.288200 2453.189466 
0.289400 2441.658768 
0.290600 2430.230211 
0.291900 2417.969521 
0.293000 2407.690090 
0.294200 2396.572893 
0.295400 2385.561217 
0.296700 2373.746365 
0.297900 2362.944849 
0.299000 2353.134344 
0.300300 2341.648558 
0.301500 2331.150041 
0.302700 2320.751949 
0.303800 2311.306972 
0.305000 2301.098219 
0.306300 2290.147392 
0.307500 2280.142535 
0.308700 2270.233402 
0.309900 2260.418519 
0.311100 2250.699777 
0.312300 2241.074008 
0.313500 2231.543233 
0.314700 2222.103343 
0.316000 2211.977621 
0.317200 2202.729760 
0.318400 2193.569444 
0.319600 2184.497241 
0.320800 2175.512773 
0.322000 2166.613030 
0.323200 2157.802913 
0.324400 2149.075906 
0.325700 2139.714114 
0.326900 2131.159991 
0.328100 2122.684927 
0.329200 2114.990168 
0.330500 2105.979599 
0.331700 2097.743601 
0.332900 2089.584848 
0.334100 2081.500266 
0.335400 2072.829601 
0.336500 2065.559127 
0.337700 2057.698884 
0.338900 2049.909359 
0.340200 2041.550081 
0.341400 2033.906787 
0.342500 2026.959286 
0.343800 2018.823988 
0.345000 2011.382896 
0.346200 2004.007732 
0.347400 1996.696852 
0.348600 1989.449050 
0.349800 1982.263912 
0.351000 1975.140079 
0.352200 1968.076582 
0.353400 1961.073393 
0.354600 1954.129170 
0.355800 1947.243062 
0.357100 1939.846841 
0.358300 1933.078711 
0.359500 1926.365302 
0.360700 1919.706531 
0.361900 1913.101041 
0.363100 1906.548617 
0.364300 1900.048154 
0.365600 1893.063413 
0.366700 1887.200610 
0.368000 1880.324204 
0.369200 1874.029335 
0.370400 1867.781206 
0.371600 1861.582846 
0.372800 1855.429497 
0.374000 1849.324245 
0.375200 1843.263168 
0.376400 1837.248563 
0.377600 1831.276905 
0.378800 1825.350593 
0.380000 1819.466457 
0.381200 1813.626189 
0.382400 1807.826900 
0.383600 1802.070519 
0.384900 1795.879715 
0.386000 1790.679372 
0.387200 1785.043889 
0.388500 1778.984184 
0.389600 1773.891924 
0.390900 1767.916232 
0.392100 1762.439636 
0.393300 1757.001440 
0.394500 1751.599236 
0.395700 1746.235126 
0.396900 1740.906364 
0.398200 1735.175323 
0.399400 1729.920871 
0.400500 1725.137315 
0.401800 1719.518826 
0.403000 1714.370905 
0.404200 1709.254024 
0.405400 1704.174275 
0.406600 1699.123793 
0.407800 1694.110852 
0.409000 1689.125832 
0.410200 1684.177078 
0.411400 1679.256921 
0.412700 1673.965742 
0.413900 1669.111411 
0.415100 1664.290467 
0.416200 1659.896252 
0.417500 1654.737386 
0.418700 1650.006168 
0.419900 1645.304663 
0.421100 1640.633765 
0.422300 1635.989849 
0.423500 1631.377764 
0.424700 1626.790615 
0.425900 1622.236284 
0.427100 1617.705141 
0.428400 1612.832107 
0.429500 1608.731192 
0.430700 1604.285738 
0.432000 1599.499691 
0.433200 1595.109557 
0.434400 1590.746564 
0.435600 1586.408063 
0.436800 1582.098920 
0.438000 1577.811451 
0.439200 1573.553461 
0.440400 1569.317315 
0.441700 1564.759170 
0.442900 1560.575996 
0.444100 1556.418021 
0.445300 1552.285407 
0.446500 1548.174722 
0.447700 1544.091740 
0.448900 1540.027949 
0.450100 1535.991305 
0.451300 1531.975787 
0.452500 1527.984093 
0.453700 1524.016115 
0.454900 1520.069097 
0.456200 1515.821550 
0.457300 1512.244344 
0.458500 1508.366547 
0.459700 1504.508725 
0.460900 1500.673040 
0.462200 1496.543386 
0.463400 1492.751130 
0.464600 1488.983419 
0.465800 1485.232632 
0.467000 1481.505383 
0.468200 1477.798056 
0.469400 1474.110118 
0.470600 1470.445477 
0.471900 1466.493302 
0.473000 1463.170798 
0.474200 1459.562965 
0.475500 1455.676705 
0.476700 1452.110902 
0.477900 1448.561772 
0.479100 1445.034535 
0.480300 1441.523355 
0.481500 1438.032153 
0.482700 1434.560529 
0.483900 1431.104485 
0.485200 1427.384513 
0.486400 1423.965864 
0.487500 1420.849747 
0.488800 1417.186826 
0.490000 1413.821425 
0.491200 1410.476691 
0.492400 1407.146238 
0.493600 1403.833742 
0.494800 1400.539977 
0.496000 1397.259533 
0.497200 1393.999192 
0.498400 1390.752932 
0.499600 1387.523274 
0.500800 1384.312526 
0.502000 1381.113182 
0.503200 1377.933099 
0.504400 1374.767853 
0.505700 1371.355233 
0.506900 1368.224863 
0.508100 1365.105060 
0.509300 1362.003051 
0.510500 1358.917161 
0.511700 1355.843003 
0.512900 1352.786994 
0.514200 1349.490256 
0.515400 1346.462953 
0.516500 1343.703411 
0.517800 1340.452017 
0.519000 1337.468349 
0.520200 1334.499322 
0.521400 1331.541542 
0.522600 1328.600873 
0.523800 1325.671322 
0.525000 1322.755682 
0.526200 1319.856889 
0.527400 1316.966150 
0.528700 1313.852614 
0.529900 1310.993140 
0.531000 1308.380363 
0.532300 1305.309914 
0.533500 1302.487863 
0.534700 1299.677280 
0.535900 1296.882595 
0.537100 1294.096767 
0.538300 1291.324529 
0.539500 1288.567954 
0.540700 1285.817469 
0.541900 1283.082279 
0.543100 1280.360963 
0.544300 1277.647077 
0.545500 1274.947927 
0.546800 1272.037110 
0.548000 1269.359815 
0.549200 1266.697594 
0.550400 1264.044333 
0.551600 1261.401630 
0.552800 1258.773792 
0.554000 1256.153085 
0.555200 1253.544320 
0.556400 1250.949936 
0.557600 1248.361300 
0.558800 1245.785558 
0.560100 1243.010296 
0.561300 1240.454129 
0.562500 1237.911473 
0.563700 1235.381289 
0.564900 1232.856277 
0.566100 1230.344865 
0.567300 1227.845074 
0.568500 1225.350910 
0.569700 1222.870162 
0.570900 1220.400092 
0.572200 1217.730923 
0.573400 1215.280927 
0.574600 1212.840317 
0.575700 1210.608792 
0.577000 1207.985286 
0.578200 1205.573104 
0.579400 1203.167711 
0.580600 1200.774941 
0.581800 1198.390847 
0.583000 1196.013062 
0.584200 1193.647738 
0.585400 1191.291410 
0.586600 1188.940739 
0.587800 1186.602371 
0.589000 1184.272976 
0.590300 1181.755744 
0.591500 1179.444712 
0.592700 1177.142018 
0.593900 1174.844740 
0.595100 1172.558936 
0.596300 1170.282611 
0.597500 1168.010523 
0.598700 1165.749766 
0.599900 1163.499034 
0.601200 1161.064771 
0.602300 1159.015294 
0.603600 1156.604343 
0.604800 1154.381653 
0.606000 1152.170269 
0.607200 1149.969621 
0.608400 1147.770727 
0.609600 1145.582338 
0.610800 1143.405065 
0.612000 1141.230445 
0.613200 1139.064947 
0.614400 1136.909929 
0.615600 1134.759395 
0.616800 1132.615911 
0.618000 1130.483036 
0.619200 1128.356411 
0.620500 1126.058237 
0.621700 1123.947667 
0.622800 1122.019860 
0.624000 1119.919335 
0.625300 1117.655336 
0.626500 1115.574978 
0.627700 1113.496147 
0.628900 1111.427065 
0.630100 1109.367933 
0.631400 1107.139758 
0.632500 1105.262089 
0.633800 1103.053441 
0.635000 1101.018803 
0.636200 1098.990188 
0.637400 1096.971301 
0.638600 1094.958981 
0.639800 1092.949791 
0.641000 1090.949975 
0.642200 1088.959370 
0.643400 1086.968740 
0.644600 1084.987630 
0.645800 1083.015748 
0.647100 1080.882655 
0.648300 1078.920515 
0.649500 1076.967259 
0.650700 1075.019649 
0.651800 1073.236883 
0.653100 1071.139899 
0.654300 1069.213383 
0.655500 1067.286400 
0.656700 1065.368353 
0.657900 1063.458959 
0.659100 1061.552790 
0.660300 1059.651666 
0.661500 1057.759344 
0.662700 1055.873563 
0.664000 1053.832446 
0.665200 1051.957337 
0.666400 1050.090419 
0.667600 1048.224570 
0.668800 1046.365293 
0.670000 1044.514601 
0.671200 1042.668945 
0.672400 1040.825571 
0.673600 1038.990459 
0.674900 1037.011827 
0.676000 1035.336946 
0.677300 1033.365901 
0.678500 1031.554853 
0.679700 1029.747919 
0.680900 1027.944143 
0.682100 1026.148192 
0.683300 1024.360031 
0.684500 1022.571431 
0.685700 1020.790292 
0.686900 1019.016633 
0.688100 1017.247457 
0.689400 1015.333644 
0.690500 1013.721268 
0.691700 1011.969598 
0.693000 1010.073023 
0.694200 1008.328297 
0.695400 1006.591103 
0.696600 1004.859034 
0.697800 1003.128075 
0.699000 1001.404576 
0.700200 999.688504 
0.701400 997.973974 
0.702600 996.264040 
0.703800 994.561004 
0.705000 992.865461 
0.706300 991.027267 
0.707500 989.338066 
0.708700 987.655894 
0.709900 985.977103 
0.711100 984.300628 
0.712300 982.631345 
0.713500 980.968768 
0.714700 979.307086 
0.715900 977.650061 
0.717200 975.862846 
0.718400 974.219422 
0.719600 972.575048 
0.720800 970.937709 
0.722000 969.307148 
0.723200 967.680231 
0.724400 966.054819 
0.725600 964.435901 
0.726800 962.823897 
0.728000 961.213252 
0.729200 959.606069 
0.730400 958.005519 
0.731600 956.411572 
0.732800 954.817137 
0.734000 953.227895 
0.735200 951.645201 
0.736500 949.936768 
0.737700 948.359250 
0.738900 946.788001 
0.740100 945.223216 
0.741300 943.662374 
0.742500 942.101927 
0.743700 940.547891 
0.744900 939.000017 
0.746200 937.326232 
0.747300 935.911479 
0.748500 934.374210 
0.749800 932.715758 
0.751000 931.186121 
0.752200 929.659634 
0.753400 928.139180 
0.754600 926.624735 
0.755800 925.110508 
0.757000 923.600162 
0.758200 922.095777 
0.759400 920.597327 
0.760600 919.098493 
0.761900 917.479580 
0.763000 916.115311 
0.764200 914.632421 
0.765500 913.025147 
0.766700 911.546509 
0.767900 910.073689 
0.769100 908.606662 
0.770300 907.137786 
0.771500 905.674420 
0.772700 904.216587 
0.773900 902.764479 
0.775100 901.310530 
0.776300 899.861814 
0.777500 898.418782 
0.778700 896.981194 
0.780000 895.422423 
0.781200 893.988879 
0.782400 892.560737 
0.783600 891.137975 
0.784800 889.713302 
0.786000 888.294021 
0.787200 886.879865 
0.788400 885.471240 
0.789600 884.061280 
0.790900 882.538823 
0.792000 881.255556 
0.793300 879.744582 
0.794500 878.348974 
0.795700 876.957625 
0.796900 875.571472 
0.798100 874.190494 
0.799300 872.809173 
0.800500 871.431216 
0.801700 870.058396 
0.802900 868.690631 
0.804100 867.323601 
0.805300 865.958786 
0.806500 864.599010 
0.807700 863.244232 
0.809000 861.778543 
0.810200 860.427035 
0.811400 859.080489 
0.812600 857.738844 
0.813800 856.399937 
0.815000 855.061097 
0.816200 853.727080 
0.817400 852.397932 
0.818600 851.073045 
0.819800 849.746556 
0.821000 848.424840 
0.822200 847.107919 
0.823500 845.686601 
0.824700 844.373272 
0.825900 843.064033 
0.827100 841.759496 
0.828300 840.459623 
0.829500 839.160164 
0.830700 837.862788 
0.831900 836.570043 
0.833100 835.281893 
0.834300 833.996210 
0.835500 832.710478 
0.836800 831.322734 
0.838000 830.046459 
0.839200 828.774287 
0.840400 827.500333 
0.841600 826.230832 
0.842800 824.965809 
0.844000 823.705227 
0.845200 822.444478 
0.846400 821.186155 
0.847600 819.932204 
0.848800 818.682648 
0.850000 817.435434 
0.851300 816.084314 
0.852500 814.841613 
0.853700 813.603241 
0.854900 812.369143 
0.856100 811.133007 
0.857300 809.900967 
0.858500 808.673153 
0.859700 807.449569 
0.860900 806.226855 
0.862100 805.005316 
0.863300 803.787981 
0.864500 802.574794 
0.865700 801.365428 
0.867000 800.053408 
0.868200 798.846618 
0.869400 797.643915 
0.870600 796.445324 
0.871800 795.246832 
0.873000 794.050116 
0.874200 792.857447 
0.875400 791.668810 
0.876600 790.483517 
0.877800 789.296662 
0.879000 788.113796 
0.880200 786.934923 
0.881500 785.662237 
0.882700 784.487711 
0.883900 783.314874 
0.885100 782.145932 
0.886300 780.980891 
0.887500 779.819466 
0.888700 778.656069 
0.889900 777.496530 
0.891100 776.340855 
0.892300 775.188992 
0.893500 774.038358 
0.894700 772.888131 
0.896000 771.646333 
0.897200 770.503995 
0.898400 769.365399 
0.899600 768.225357 
0.900800 767.088290 
0.902000 765.954944 
0.903200 764.825305 
0.904400 763.698202 
0.905600 762.570049 
0.906800 761.445563 
0.908000 760.324731 
0.909300 759.114613 
0.910500 757.997993 
0.911700 756.882560 
0.912900 755.770708 
0.914100 754.662465 
0.915300 753.557797 
0.916500 752.451799 
0.917700 751.348493 
0.918900 750.248723 
0.920100 749.152478 
0.921300 748.059249 
0.922500 746.964324 
0.923700 745.872884 
0.925000 744.694420 
0.926200 743.610204 
0.927400 742.527324 
0.928600 741.444395 
0.929800 740.364910 
0.931000 739.288838 
0.932200 738.216165 
0.933400 737.143770 
0.934600 736.072321 
0.935800 735.004254 
0.937000 733.939540 
0.938200 732.878166 
0.939500 731.727768 
0.940700 730.667850 
0.941900 729.611235 
0.943100 728.557951 
0.944300 727.507929 
0.945500 726.456229 
0.946700 725.407310 
0.947900 724.361675 
0.949200 723.232546 
0.950400 722.193184 
0.951600 721.152140 
0.952800 720.114295 
0.954000 719.079676 
0.955200 718.048233 
0.956400 717.019194 
0.957600 715.988790 
0.958800 714.961547 
0.960000 713.937474 
0.961200 712.916522 
0.962400 711.897800 
0.963600 710.877838 
0.964800 709.860999 
0.966000 708.847238 
0.967200 707.836582 
0.968400 706.828130 
0.969600 705.818411 
0.970900 704.728020 
0.972100 703.724677 
0.973300 702.724365 
0.974500 701.725964 
0.975700 700.726570 
0.976900 699.730173 
0.978100 698.736785 
0.979400 697.663983 
0.980500 696.758189 
0.981800 695.686327 
0.983000 694.700001 
0.984200 693.716624 
0.985400 692.736184 
0.986600 691.757988 
0.987800 690.778388 
0.989000 689.801704 
0.990200 688.827922 
0.991400 687.857029 
0.992600 686.888982 
0.993800 685.918880 
0.995000 684.951644 
0.996300 683.907030 
0.997500 682.945732 
0.998700 681.987265 
0.999900 681.027090 
1.001000 680.149088 
1.002000 679.352955 
1.004000 677.766519 
1.005000 676.976203 
1.006000 676.183854 
1.007000 675.393361 
1.008000 674.604792 
1.010000 673.033390 
1.011000 672.250546 
1.012000 671.466778 
1.013000 670.683760 
1.014000 669.902633 
1.016000 668.346031 
1.017000 667.570543 
1.018000 666.795354 
1.019000 666.019682 
1.020000 665.245872 
1.022000 663.703818 
1.023000 662.935561 
1.024000 662.168942 
1.025000 661.400468 
1.026000 660.633841 
1.028000 659.106055 
1.029000 658.344886 
1.030000 657.585528 
1.031000 656.825434 
1.032000 656.065871 
1.034000 654.552138 
1.035000 653.797959 
1.036000 653.045554 
1.037000 652.294059 
1.038000 651.541441 
1.040000 650.041488 
1.041000 649.294162 
1.042000 648.548593 
1.043000 647.804774 
1.045000 646.315796 
1.046000 645.573484 
1.047000 644.832895 
1.048000 644.094045 
1.049000 643.356910 
1.051000 641.883247 
1.052000 641.147638 
1.053000 640.413735 
1.054000 639.681534 
1.056000 638.222224 
1.057000 637.492545 
1.058000 636.763469 
1.059000 636.036083 
1.060000 635.310365 
1.062000 633.863969 
1.063000 633.142885 
1.064000 632.420244 
1.065000 631.699275 
1.066000 630.979976 
1.068000 629.546296 
1.069000 628.831909 
1.070000 628.117486 
1.071000 627.402859 
1.072000 626.689849 
1.074000 625.268736 
1.075000 624.560607 
1.076000 623.854080 
1.077000 623.146364 
1.078000 622.439566 
1.080000 621.030776 
1.081000 620.328794 
1.082000 619.628381 
1.083000 618.929244 
1.084000 618.228566 
1.086000 616.831917 
1.087000 616.135974 
1.088000 615.441567 
1.089000 614.748744 
1.090000 614.056340 
1.092000 612.671659 
1.093000 611.981650 
1.094000 611.293181 
1.095000 610.606246 
1.096000 609.920859 
1.098000 608.549571 
1.099000 607.865451 
1.100000 607.182838 
1.101000 606.501763 
1.103000 605.144140 
1.104000 604.465306 
1.105000 603.786940 
1.106000 603.110083 
1.107000 602.434733 
1.109000 601.088485 
1.110000 600.417597 
1.111000 599.745569 
1.112000 599.074386 
1.114000 597.736458 
1.115000 597.069690 
1.116000 596.404402 
1.117000 595.740559 
1.118000 595.075364 
1.120000 593.748550 
1.121000 593.087318 
1.122000 592.427520 
1.123000 591.769169 
1.124000 591.112263 
1.126000 589.796683 
1.127000 589.140883 
1.128000 588.486520 
1.129000 587.833575 
1.130000 587.182045 
1.132000 585.880460 
1.133000 585.230093 
1.134000 584.581134 
1.135000 583.933562 
1.136000 583.287392 
1.138000 581.999225 
1.139000 581.354654 
1.140000 580.710951 
1.141000 580.068639 
1.142000 579.427700 
1.144000 578.149941 
1.145000 577.513099 
1.146000 576.875428 
1.147000 576.238313 
1.148000 575.602558 
1.150000 574.335114 
1.151000 573.703419 
1.152000 573.073054 
1.153000 572.442291 
1.154000 571.811641 
1.156000 570.554354 
1.157000 569.927695 
1.158000 569.302371 
1.159000 568.678363 
1.161000 567.430285 
1.162000 566.807340 
1.163000 566.185722 
1.164000 565.565394 
1.165000 564.946371 
1.167000 563.711785 
1.168000 563.093796 
1.169000 562.477089 
1.170000 561.861678 
1.172000 560.634716 
1.173000 560.023158 
1.174000 559.412868 
1.175000 558.801377 
1.176000 558.190822 
1.178000 556.973505 
1.179000 556.366754 
1.180000 555.761244 
1.181000 555.157003 
1.182000 554.552477 
1.184000 553.344693 
1.185000 552.742667 
1.186000 552.141887 
1.187000 551.542351 
1.188000 550.944055 
1.190000 549.747973 
1.191000 549.150671 
1.192000 548.554588 
1.193000 547.959753 
1.194000 547.366116 
1.196000 546.182521 
1.197000 545.590487 
1.198000 544.999014 
1.199000 544.408764 
1.200000 543.819700 
1.202000 542.645204 
1.203000 542.059751 
1.204000 541.474709 
1.205000 540.889003 
1.206000 540.304506 
1.208000 539.139032 
1.209000 538.558066 
1.210000 537.978284 
1.211000 537.399681 
1.212000 536.820201 
1.214000 535.663644 
1.215000 535.087122 
1.216000 534.511773 
1.217000 533.937562 
1.219000 532.792065 
1.220000 532.218779 
1.221000 531.646659 
1.222000 531.075686 
1.223000 530.505842 
1.225000 529.369611 
1.226000 528.803202 
1.227000 528.236373 
1.228000 527.669717 
1.230000 526.539825 
1.231000 525.976568 
1.232000 525.414439 
1.233000 524.853404 
1.234000 524.293508 
1.236000 523.172193 
1.237000 522.613165 
1.238000 522.055255 
1.239000 521.498446 
1.240000 520.942719 
1.242000 519.833954 
1.243000 519.279139 
1.244000 518.725419 
1.245000 518.172790 
1.246000 517.621251 
1.248000 516.521415 
1.249000 515.973130 
1.250000 515.424692 
1.251000 514.876198 
1.252000 514.328752 
1.254000 513.237110 
1.255000 512.692893 
1.256000 512.149748 
1.257000 511.607656 
1.258000 511.064941 
1.260000 509.981456 
1.261000 509.441171 
1.262000 508.901980 
1.263000 508.363882 
1.264000 507.826874 
1.266000 506.753984 
1.267000 506.217828 
1.268000 505.682602 
1.269000 505.148615 
1.270000 504.615554 
1.272000 503.552511 
1.273000 503.022525 
1.274000 502.491399 
1.275000 501.961156 
1.277000 500.903888 
1.278000 500.376702 
1.279000 499.850739 
1.280000 499.325530 
1.281000 498.801451 
1.283000 497.751805 
1.284000 497.228652 
1.285000 496.706402 
1.286000 496.185055 
1.288000 495.145521 
1.289000 494.627229 
1.290000 494.107786 
1.291000 493.589393 
1.292000 493.071894 
1.294000 492.039880 
1.295000 491.525361 
1.296000 491.011881 
1.297000 490.499279 
1.298000 489.985603 
1.300000 488.961056 
1.301000 488.450336 
1.302000 487.940495 
1.303000 487.431684 
1.304000 486.923749 
1.306000 485.908948 
1.307000 485.401900 
1.308000 484.895876 
1.309000 484.390722 
1.310000 483.886438 
1.312000 482.880922 
1.313000 482.379535 
1.314000 481.877453 
1.315000 481.375911 
1.316000 480.875382 
1.318000 479.877052 
1.319000 479.379248 
1.320000 478.882450 
1.321000 478.386503 
1.322000 477.890275 
1.324000 476.899129 
1.325000 476.404906 
1.326000 475.911682 
1.327000 475.419302 
1.328000 474.927767 
1.330000 473.947043 
1.331000 473.456254 
1.332000 472.966607 
1.333000 472.477798 
1.335000 471.502690 
1.336000 471.016537 
1.337000 470.531365 
1.338000 470.046968 
1.339000 469.561552 
1.341000 468.593509 
1.342000 468.110879 
1.343000 467.629073 
1.344000 467.148091 
1.346000 466.188890 
1.347000 465.709407 
1.348000 465.230151 
1.349000 464.751863 
1.350000 464.274244 
1.352000 463.321896 
1.353000 462.847015 
1.354000 462.372944 
1.355000 461.899322 
1.356000 461.425195 
1.358000 460.479514 
1.359000 460.007957 
1.360000 459.537352 
1.361000 459.067549 
1.362000 458.598548 
1.364000 457.661638 
1.365000 457.193423 
1.366000 456.726153 
1.367000 456.259680 
1.368000 455.794001 
1.370000 454.865168 
1.371000 454.402011 
1.372000 453.939231 
1.373000 453.476052 
1.374000 453.013663 
1.376000 452.091389 
1.377000 451.631502 
1.378000 451.172398 
1.379000 450.714074 
1.380000 450.256676 
1.382000 449.341385 
1.383000 448.884631 
1.384000 448.428800 
1.385000 447.973743 
1.386000 447.519605 
1.388000 446.613498 
1.389000 446.161570 
1.390000 445.708846 
1.391000 445.257036 
1.393000 444.355716 
1.394000 443.906204 
1.395000 443.457599 
1.396000 443.009755 
1.397000 442.562672 
1.399000 441.668547 
1.400000 441.222278 
1.401000 440.776766 
1.402000 440.332010 
1.403000 439.888009 
1.405000 439.002550 
1.406000 438.560946 
1.407000 438.118879 
1.408000 437.677181 
1.410000 436.796315 
1.411000 436.357001 
1.412000 435.918432 
1.413000 435.480606 
1.414000 435.043663 
1.416000 434.170350 
1.417000 433.734100 
1.418000 433.298731 
1.419000 432.863957 
1.420000 432.430061 
1.422000 431.564330 
1.423000 431.132633 
1.424000 430.701430 
1.425000 430.269674 
1.426000 429.838789 
1.428000 428.979065 
1.429000 428.550364 
1.430000 428.122388 
1.431000 427.695136 
1.432000 427.268606 
1.434000 426.415857 
1.435000 425.990174 
1.436000 425.565210 
1.437000 425.140824 
1.438000 424.717296 
1.440000 423.872385 
1.441000 423.451000 
1.442000 423.029849 
1.443000 422.608585 
1.444000 422.187892 
1.446000 421.348777 
1.447000 420.930352 
1.448000 420.512494 
1.449000 420.095480 
1.451000 419.263097 
1.452000 418.846799 
1.453000 418.431204 
1.454000 418.016310 
1.455000 417.602117 
1.457000 416.775825 
1.458000 416.363862 
1.459000 415.952456 
1.460000 415.541358 
1.462000 414.719419 
1.463000 414.309559 
1.464000 413.900251 
1.465000 413.491771 
1.466000 413.083843 
1.468000 412.270184 
1.469000 411.864221 
1.470000 411.457843 
1.471000 411.052013 
1.472000 410.647004 
1.474000 409.838896 
1.475000 409.435931 
1.476000 409.033508 
1.477000 408.631899 
1.478000 408.230956 
1.480000 407.428384 
1.481000 407.028044 
1.482000 406.628514 
1.483000 406.229520 
1.484000 405.831334 
1.486000 405.036837 
1.487000 404.640523 
1.488000 404.244016 
1.489000 403.847769 
1.490000 403.452190 
1.492000 402.663163 
1.493000 402.269577 
1.494000 401.876653 
1.495000 401.484391 
1.496000 401.092787 
1.498000 400.309715 
1.499000 399.918864 
1.500000 399.528536 
1.501000 399.138999 
1.502000 398.750117 
1.504000 397.974180 
1.505000 397.587122 
1.506000 397.200512 
1.507000 396.813551 
1.509000 396.041712 
1.510000 395.656699 
1.511000 395.272198 
1.512000 394.888478 
1.513000 394.505402 
1.515000 393.741047 
1.516000 393.358862 
1.517000 392.977050 
1.518000 392.595879 
1.519000 392.215349 
1.521000 391.456205 
1.522000 391.077456 
1.523000 390.699476 
1.524000 390.321999 
1.526000 389.567590 
1.527000 389.190884 
1.528000 388.814678 
1.529000 388.439235 
1.530000 388.064423 
1.532000 387.316423 
1.533000 386.943363 
1.534000 386.570930 
1.535000 386.198229 
1.536000 385.825932 
1.538000 385.083081 
1.539000 384.712525 
1.540000 384.342590 
1.541000 383.973277 
1.542000 383.604451 
1.544000 382.868541 
1.545000 382.500492 
1.546000 382.133061 
1.547000 381.766247 
1.548000 381.399917 
1.550000 380.669230 
1.551000 380.304741 
1.552000 379.940862 
1.553000 379.577464 
1.554000 379.214179 
1.556000 378.488328 
1.557000 378.126316 
1.558000 377.764780 
1.559000 377.403981 
1.560000 377.043656 
1.562000 376.324819 
1.563000 375.966175 
1.564000 375.607337 
1.565000 375.248871 
1.567000 374.533613 
1.568000 374.176818 
1.569000 373.820750 
1.570000 373.465022 
1.571000 373.110018 
1.573000 372.401518 
1.574000 372.047171 
1.575000 371.693290 
1.576000 371.340129 
1.577000 370.987433 
1.579000 370.283812 
1.580000 369.932758 
1.581000 369.582292 
1.582000 369.232413 
1.584000 368.533002 
1.585000 368.183792 
1.586000 367.835166 
1.587000 367.487125 
1.588000 367.139539 
1.590000 366.446114 
1.591000 366.100146 
1.592000 365.754756 
1.593000 365.409512 
1.594000 365.064335 
1.596000 364.375460 
1.597000 364.031888 
1.598000 363.688765 
1.599000 363.346216 
1.600000 363.004241 
1.602000 362.321882 
1.603000 361.981019 
1.604000 361.640159 
1.605000 361.299997 
1.606000 360.960278 
1.608000 360.282421 
1.609000 359.944280 
1.610000 359.606581 
1.611000 359.269572 
1.612000 358.933002 
1.614000 358.260078 
1.615000 357.924186 
1.616000 357.588732 
1.617000 357.253964 
1.618000 356.919632 
1.620000 356.252522 
1.621000 355.919741 
1.622000 355.587518 
1.623000 355.255328 
1.625000 354.591551 
1.626000 354.260558 
1.627000 353.929871 
1.628000 353.599861 
1.629000 353.270281 
1.631000 352.612649 
1.632000 352.284597 
1.633000 351.956812 
1.634000 351.628891 
1.636000 350.974695 
1.637000 350.648295 
1.638000 350.322441 
1.639000 349.997010 
1.640000 349.672246 
1.642000 349.023857 
1.643000 348.700356 
1.644000 348.376692 
1.645000 348.053448 
1.646000 347.730745 
1.648000 347.086715 
1.649000 346.765385 
1.650000 346.444715 
1.651000 346.124339 
1.652000 345.804620 
1.654000 345.165713 
1.655000 344.846564 
1.656000 344.527949 
1.657000 344.209745 
1.658000 343.892074 
1.660000 343.258084 
1.661000 342.941885 
1.662000 342.626093 
1.663000 342.310830 
1.664000 341.995523 
1.666000 341.365716 
1.667000 341.051543 
1.668000 340.737895 
1.669000 340.424652 
1.670000 340.111812 
1.672000 339.487703 
1.673000 339.176431 
1.674000 338.865290 
1.675000 338.554185 
1.676000 338.243481 
1.678000 337.623393 
1.679000 337.314127 
1.680000 337.005259 
1.681000 336.696908 
1.683000 336.081515 
1.684000 335.774471 
1.685000 335.467387 
1.686000 335.160518 
1.687000 334.854164 
1.689000 334.242873 
1.690000 333.937816 
1.691000 333.633270 
1.692000 333.329115 
1.694000 332.722332 
1.695000 332.419407 
1.696000 332.116450 
1.697000 331.813882 
1.698000 331.511702 
1.700000 330.908859 
1.701000 330.608076 
1.702000 330.307678 
1.703000 330.007901 
1.704000 329.708391 
1.706000 329.110412 
1.707000 328.811599 
1.708000 328.513168 
1.709000 328.215237 
1.710000 327.917805 
1.712000 327.324082 
1.713000 327.027907 
1.714000 326.732228 
1.715000 326.436927 
1.716000 326.141985 
1.718000 325.552149 
1.719000 325.257913 
1.720000 324.964170 
1.721000 324.670686 
1.722000 324.377809 
1.724000 323.793063 
1.725000 323.501423 
1.726000 323.210156 
1.727000 322.919167 
1.728000 322.628104 
1.730000 322.047209 
1.731000 321.757376 
1.732000 321.468027 
1.733000 321.179048 
1.734000 320.890553 
1.736000 320.314781 
1.737000 320.027502 
1.738000 319.740242 
1.739000 319.453174 
1.740000 319.166587 
1.742000 318.594394 
1.743000 318.309016 
1.744000 318.024001 
1.745000 317.739464 
1.747000 317.171475 
1.748000 316.888137 
1.749000 316.604723 
1.750000 316.321601 
1.751000 316.038839 
1.753000 315.474508 
1.754000 315.192938 
1.755000 314.911839 
1.756000 314.631098 
1.758000 314.070799 
1.759000 313.791354 
1.760000 313.511671 
1.761000 313.232333 
1.762000 312.953464 
1.764000 312.396787 
1.765000 312.119092 
1.766000 311.841749 
1.767000 311.564871 
1.768000 311.288232 
1.770000 310.736343 
1.771000 310.460499 
1.772000 310.185011 
1.773000 309.909872 
1.774000 309.635082 
1.776000 309.086660 
1.777000 308.813137 
1.778000 308.539850 
1.779000 308.267133 
1.780000 307.994649 
1.782000 307.450503 
1.783000 307.178710 
1.784000 306.907151 
1.785000 306.636159 
1.786000 306.365398 
1.788000 305.825238 
1.789000 305.555726 
1.790000 305.286555 
1.791000 305.017724 
1.792000 304.749344 
1.794000 304.212794 
1.795000 303.944878 
1.796000 303.677521 
1.797000 303.410392 
1.799000 302.877368 
1.800000 302.611470 
1.801000 302.345909 
1.802000 302.080684 
1.803000 301.815903 
1.805000 301.286552 
1.806000 301.022346 
1.807000 300.758364 
1.808000 300.494935 
1.810000 299.968964 
1.811000 299.706530 
1.812000 299.444538 
1.813000 299.182875 
1.814000 298.921543 
1.816000 298.399450 
1.817000 298.138694 
1.818000 297.878267 
1.819000 297.618277 
1.820000 297.358614 
1.822000 296.840380 
1.823000 296.581806 
1.824000 296.323667 
1.825000 296.065744 
1.826000 295.808255 
1.828000 295.293390 
1.829000 295.036470 
1.830000 294.779875 
1.831000 294.523710 
1.832000 294.267760 
1.834000 293.757149 
1.835000 293.502271 
1.836000 293.247822 
1.837000 292.993692 
1.838000 292.739743 
1.840000 292.232308 
1.841000 291.979069 
1.842000 291.726256 
1.843000 291.473760 
1.844000 291.221582 
1.846000 290.718282 
1.847000 290.467160 
1.848000 290.216353 
1.849000 289.965952 
1.850000 289.715399 
1.852000 289.215238 
1.853000 288.965735 
1.854000 288.716545 
1.855000 288.467668 
1.857000 287.970956 
1.858000 287.723121 
1.859000 287.475596 
1.860000 287.228488 
1.861000 286.981351 
1.863000 286.487751 
1.864000 286.241520 
1.865000 285.995598 
1.866000 285.749985 
1.867000 285.504679 
1.869000 285.015095 
1.870000 284.770815 
1.871000 284.526841 
1.872000 284.283278 
1.874000 283.796105 
1.875000 283.553003 
1.876000 283.310311 
1.877000 283.067817 
1.878000 282.825732 
1.880000 282.342574 
1.881000 282.101397 
1.882000 281.860625 
1.883000 281.620155 
1.884000 281.379895 
1.886000 280.899678 
1.887000 280.660072 
1.888000 280.420766 
1.889000 280.181759 
1.890000 279.943155 
1.892000 279.466841 
1.893000 279.229130 
1.894000 278.991716 
1.895000 278.754703 
1.896000 278.517792 
1.898000 278.044387 
1.899000 277.808128 
1.900000 277.572267 
1.901000 277.336701 
1.902000 277.101429 
1.904000 276.631869 
1.905000 276.397477 
1.906000 276.163480 
1.907000 275.929775 
1.908000 275.696102 
1.910000 275.229418 
1.911000 274.996564 
1.912000 274.764000 
1.913000 274.531726 
1.915000 274.068150 
1.916000 273.836846 
1.917000 273.605831 
1.918000 273.375103 
1.919000 273.144663 
1.921000 272.684049 
1.922000 272.454167 
1.923000 272.224571 
1.924000 271.995261 
1.925000 271.766338 
1.927000 271.309247 
1.928000 271.081179 
1.929000 270.853394 
1.930000 270.625894 
1.932000 270.171551 
1.933000 269.944506 
1.934000 269.717845 
1.935000 269.491466 
1.936000 269.265369 
1.938000 268.814119 
1.939000 268.588965 
1.940000 268.364092 
1.941000 268.139498 
1.942000 267.915183 
1.944000 267.467126 
1.945000 267.243365 
1.946000 267.019883 
1.947000 266.796578 
1.948000 266.573651 
1.950000 266.128728 
1.951000 265.906631 
1.952000 265.684910 
1.953000 265.463465 
1.954000 265.242195 
1.956000 264.800467 
1.957000 264.579848 
1.958000 264.359404 
1.959000 264.139333 
1.960000 263.919437 
1.962000 263.480660 
1.963000 263.261680 
1.964000 263.042972 
1.965000 262.824535 
1.966000 262.606468 
1.968000 262.170916 
1.969000 261.953300 
1.970000 261.735954 
1.971000 261.518878 
1.973000 261.085533 
1.974000 260.869362 
1.975000 260.653361 
1.976000 260.437726 
1.977000 260.222260 
1.979000 259.792325 
1.980000 259.577727 
1.981000 259.363074 
1.982000 259.148687 
1.983000 258.934664 
1.985000 258.507316 
1.986000 258.294087 
1.987000 258.081025 
1.988000 257.868325 
1.990000 257.443714 
1.991000 257.231803 
1.992000 257.020252 
1.993000 256.808617 
1.994000 256.597153 
1.996000 256.175204 
1.997000 255.964525 
1.998000 255.754203 
1.999000 255.544141 
2.000000 255.334340 
2.002000 254.915515 
2.003000 254.706588 
2.004000 254.497823 
2.005000 254.289217 
2.006000 254.080735 
2.008000 253.664448 
2.009000 253.456739 
2.010000 253.249191 
2.011000 253.041996 
2.013000 252.628373 
2.014000 252.421945 
2.015000 252.215772 
2.016000 252.009950 
2.017000 251.804286 
2.018000 251.598624 
2.020000 251.188025 
2.021000 250.983153 
2.022000 250.778439 
2.023000 250.574073 
2.025000 250.166099 
2.026000 249.962490 
2.027000 249.759132 
2.028000 249.555931 
2.029000 249.353170 
2.030000 249.150502 
2.032000 248.745421 
2.033000 248.543256 
2.034000 248.341435 
2.035000 248.139769 
2.037000 247.737277 
2.038000 247.536357 
2.039000 247.335779 
2.040000 247.135354 
2.041000 246.935270 
2.043000 246.535589 
2.044000 246.335947 
2.045000 246.136551 
2.046000 245.937402 
2.047000 245.738498 
2.049000 245.341332 
2.050000 245.143163 
2.051000 244.945239 
2.052000 244.747558 
2.054000 244.353022 
2.055000 244.156071 
2.056000 243.959134 
2.057000 243.762378 
2.058000 243.565865 
2.060000 243.173658 
2.061000 242.977870 
2.062000 242.782324 
2.063000 242.587112 
2.064000 242.392047 
2.066000 242.002731 
2.067000 241.808386 
2.068000 241.614373 
2.069000 241.420235 
2.070000 241.226419 
2.072000 240.839318 
2.073000 240.646218 
2.074000 240.453263 
2.075000 240.260637 
2.076000 240.068249 
2.078000 239.684091 
2.079000 239.492321 
2.080000 239.300878 
2.081000 239.109563 
2.082000 238.918318 
2.084000 238.536444 
2.085000 238.345814 
2.086000 238.155509 
2.087000 237.965439 
2.089000 237.585909 
2.090000 237.396448 
2.091000 237.207311 
2.092000 237.018317 
2.093000 236.829645 
2.095000 236.452626 
2.096000 236.264299 
2.097000 236.076294 
2.098000 235.888430 
2.100000 235.513485 
2.101000 235.326312 
2.102000 235.139461 
2.103000 234.952748 
2.104000 234.766356 
2.106000 234.394077 
2.107000 234.208368 
2.108000 234.022546 
2.109000 233.836951 
2.110000 233.651585 
2.112000 233.281626 
2.113000 233.096942 
2.114000 232.912485 
2.115000 232.728255 
2.116000 232.544251 
2.118000 232.176921 
2.119000 231.993594 
2.120000 231.810492 
2.121000 231.627404 
2.122000 231.444507 
2.124000 231.079388 
2.125000 230.897164 
2.126000 230.715075 
2.127000 230.533299 
2.128000 230.351746 
2.130000 229.989219 
2.131000 229.808334 
2.132000 229.627581 
2.133000 229.447051 
2.134000 229.266681 
2.136000 228.906345 
2.137000 228.726464 
2.138000 228.546803 
2.139000 228.367364 
2.140000 228.188144 
2.142000 227.830364 
2.143000 227.651803 
2.144000 227.473462 
2.145000 227.295339 
2.147000 226.939675 
2.148000 226.761892 
2.149000 226.584416 
2.150000 226.407069 
2.151000 226.230028 
2.153000 225.876508 
2.154000 225.700030 
2.155000 225.523768 
2.156000 225.347722 
2.157000 225.171979 
2.159000 224.820965 
2.160000 224.645693 
2.161000 224.470520 
2.162000 224.295547 
2.164000 223.946155 
2.165000 223.771824 
2.166000 223.597619 
2.167000 223.423715 
2.168000 223.249937 
2.170000 222.903107 
2.171000 222.729967 
2.172000 222.557039 
2.173000 222.384324 
2.174000 222.211725 
2.176000 221.866844 
2.177000 221.694763 
2.178000 221.522807 
2.179000 221.351148 
2.180000 221.179613 
2.182000 220.837258 
2.183000 220.666353 
2.184000 220.495656 
2.185000 220.325169 
2.186000 220.154804 
2.188000 219.814695 
2.189000 219.644756 
2.190000 219.475110 
2.191000 219.305587 
2.192000 219.136357 
2.194000 218.798346 
2.195000 218.629651 
2.196000 218.461163 
2.197000 218.292796 
2.198000 218.124720 
2.200000 217.789099 
2.201000 217.621593 
2.202000 217.454060 
2.203000 217.286732 
2.204000 217.119608 
2.206000 216.785974 
2.207000 216.619464 
2.208000 216.453072 
2.209000 216.286969 
2.211000 215.955287 
2.212000 215.789708 
2.213000 215.624331 
2.214000 215.459157 
2.215000 215.294092 
2.217000 214.964300 
2.218000 214.799749 
2.219000 214.635315 
2.220000 214.471082 
2.222000 214.143219 
2.223000 213.979588 
2.224000 213.816157 
2.225000 213.652926 
2.226000 213.489811 
2.228000 213.164262 
2.229000 213.001623 
2.230000 212.839128 
2.231000 212.676832 
2.232000 212.514734 
2.234000 212.191050 
2.235000 212.029546 
2.236000 211.868156 
2.237000 211.706963 
2.238000 211.545968 
2.240000 211.224567 
2.241000 211.064078 
2.242000 210.903868 
2.243000 210.743640 
2.244000 210.583572 
2.246000 210.264020 
2.247000 210.104537 
2.248000 209.945249 
2.249000 209.786074 
2.250000 209.627175 
2.252000 209.309795 
2.253000 209.151395 
2.254000 208.993190 
2.255000 208.835177 
2.256000 208.677275 
2.258000 208.361848 
2.259000 208.204365 
2.260000 208.047075 
2.261000 207.889895 
2.263000 207.576192 
2.264000 207.419669 
2.265000 207.263256 
2.266000 207.107033 
2.267000 206.951001 
2.269000 206.639428 
2.270000 206.483886 
2.271000 206.328507 
2.272000 206.173192 
2.273000 206.018068 
2.275000 205.708305 
2.276000 205.553667 
2.277000 205.399299 
2.278000 205.245038 
2.280000 204.937082 
2.281000 204.783304 
2.282000 204.629796 
2.283000 204.476394 
2.284000 204.323179 
2.286000 204.017090 
2.287000 203.864212 
2.288000 203.711602 
2.289000 203.559098 
2.290000 203.406780 
2.292000 203.102701 
2.293000 202.950860 
2.294000 202.799284 
2.295000 202.647813 
2.296000 202.496526 
2.298000 202.194508 
2.299000 202.043656 
2.300000 201.892971 
2.301000 201.742391 
2.302000 201.591994 
2.304000 201.291672 
2.305000 201.141825 
2.306000 200.992082 
2.307000 200.842522 
2.308000 200.693143 
2.310000 200.394854 
2.311000 200.246022 
2.312000 200.097292 
2.313000 199.948744 
2.314000 199.800177 
2.316000 199.503653 
2.317000 199.355701 
2.318000 199.207851 
2.319000 199.060182 
2.320000 198.912613 
2.322000 198.618095 
2.323000 198.471066 
2.324000 198.324216 
2.325000 198.177467 
2.327000 197.884583 
2.328000 197.738309 
2.329000 197.592155 
2.330000 197.446180 
2.331000 197.300304 
2.333000 197.009165 
2.334000 196.863744 
2.335000 196.718579 
2.336000 196.573590 
2.337000 196.428701 
2.339000 196.139451 
2.340000 195.995013 
2.341000 195.850829 
2.342000 195.706743 
2.344000 195.418876 
2.345000 195.275205 
2.346000 195.131632 
2.347000 194.988233 
2.348000 194.845010 
2.350000 194.559009 
2.351000 194.416309 
2.352000 194.273705 
2.353000 194.131276 
2.354000 193.988942 
2.356000 193.704873 
2.357000 193.563021 
2.358000 193.421277 
2.359000 193.279706 
2.360000 193.138231 
2.362000 192.855797 
2.363000 192.714839 
2.364000 192.573975 
2.365000 192.433360 
2.366000 192.292840 
2.368000 192.012236 
2.369000 191.872153 
2.370000 191.732316 
2.371000 191.592497 
2.372000 191.452861 
2.374000 191.173961 
2.375000 191.034727 
2.376000 190.895663 
2.377000 190.756692 
2.378000 190.617891 
2.380000 190.340796 
2.381000 190.202502 
2.382000 190.064300 
2.383000 189.926342 
2.385000 189.650704 
2.386000 189.513175 
2.387000 189.375661 
2.388000 189.238303 
2.389000 189.101112 
2.391000 188.827081 
2.392000 188.690316 
2.393000 188.553718 
2.394000 188.417286 
2.396000 188.144770 
2.397000 188.008761 
2.398000 187.872843 
2.399000 187.737165 
2.400000 187.601578 
2.402000 187.330746 
2.403000 187.195499 
2.404000 187.060418 
2.405000 186.925501 
2.406000 186.790748 
2.408000 186.521586 
2.409000 186.387251 
2.410000 186.253080 
2.411000 186.118997 
2.412000 185.985078 
2.414000 185.717654 
2.415000 185.584224 
2.416000 185.450882 
